0.99 00001 0.0004 5.8e-05 tiempos/tiempo_00001_0.0004.txt
0.99 00501 0.0004 0.000426 tiempos/tiempo_00501_0.0004.txt
0.99 01001 0.0004 0.002425 tiempos/tiempo_01001_0.0004.txt
0.99 01501 0.0004 0.0061 tiempos/tiempo_01501_0.0004.txt
0.99 02001 0.0004 0.010897 tiempos/tiempo_02001_0.0004.txt
0.99 02501 0.0004 0.016147 tiempos/tiempo_02501_0.0004.txt
0.99 03001 0.0004 0.024372 tiempos/tiempo_03001_0.0004.txt
0.99 03501 0.0004 0.106589 tiempos/tiempo_03501_0.0004.txt
0.99 04001 0.0004 0.509129 tiempos/tiempo_04001_0.0004.txt
0.99 04501 0.0004 6.05609 tiempos/tiempo_04501_0.0004.txt
0.99 05001 0.0004 30.0981 tiempos/tiempo_05001_0.0004.txt
0.99 05501 0.0004 63.6239 tiempos/tiempo_05501_0.0004.txt
0.99 06001 0.0004 157.29 tiempos/tiempo_06001_0.0004.txt
0.99 06501 0.0004 283.002 tiempos/tiempo_06501_0.0004.txt
0.99 07001 0.0004 550.388 tiempos/tiempo_07001_0.0004.txt
0.99 07501 0.0004 817.29 tiempos/tiempo_07501_0.0004.txt
0.99 08001 0.0004 1500.56 tiempos/tiempo_08001_0.0004.txt
