0.99 00001 0.0004 5e-06 tiempos/tiempo_00001_0.0004.txt
0.99 00501 0.0004 0.000606 tiempos/tiempo_00501_0.0004.txt
0.99 01001 0.0004 0.004672 tiempos/tiempo_01001_0.0004.txt
0.99 01501 0.0004 0.015168 tiempos/tiempo_01501_0.0004.txt
0.99 02001 0.0004 0.030883 tiempos/tiempo_02001_0.0004.txt
0.99 02501 0.0004 0.054909 tiempos/tiempo_02501_0.0004.txt
0.99 03001 0.0004 0.094283 tiempos/tiempo_03001_0.0004.txt
0.99 03501 0.0004 0.182317 tiempos/tiempo_03501_0.0004.txt
0.99 04001 0.0004 0.375874 tiempos/tiempo_04001_0.0004.txt
0.99 04501 0.0004 1.03498 tiempos/tiempo_04501_0.0004.txt
0.99 05001 0.0004 2.73689 tiempos/tiempo_05001_0.0004.txt
0.99 05501 0.0004 4.89625 tiempos/tiempo_05501_0.0004.txt
0.99 06001 0.0004 9.33911 tiempos/tiempo_06001_0.0004.txt
0.99 06501 0.0004 15.218 tiempos/tiempo_06501_0.0004.txt
0.99 07001 0.0004 24.245 tiempos/tiempo_07001_0.0004.txt
0.99 07501 0.0004 35.8439 tiempos/tiempo_07501_0.0004.txt
0.99 08001 0.0004 50.2386 tiempos/tiempo_08001_0.0004.txt
