4501
8102
1 3891
3 279
4 3491
4 4147
5 856
5 3974
6 741
6 2684
7 2344
8 1492
8 4324
9 3742
10 712
10 4284
11 8
11 97
11 1032
11 1626
12 3528
13 1291
14 936
14 2307
15 4218
16 2847
16 3441
17 1486
17 1897
18 44
18 2935
18 3951
19 2989
19 4233
19 4284
20 1675
22 1524
22 1872
22 1917
23 2579
23 4179
24 1903
24 2054
24 2477
24 4176
25 3726
26 160
26 709
26 1796
26 2757
26 3585
26 3663
27 3213
27 3381
29 398
29 2634
29 3940
30 1633
30 3809
31 3974
32 610
32 1613
33 525
34 1686
35 396
36 403
36 2225
37 1494
37 4029
38 2998
38 3579
39 841
39 1378
40 2880
41 958
41 2238
42 330
42 752
42 1718
43 1227
43 1701
44 2627
44 4119
45 1745
45 3306
46 3265
47 117
47 2857
48 4334
49 185
49 978
50 801
51 2032
51 2849
53 3305
54 1584
54 2674
56 1808
57 1404
57 2586
59 877
59 1373
59 1492
59 1718
61 4001
62 645
62 2404
62 3966
63 4309
64 326
64 1815
65 1357
66 401
66 1119
66 1698
68 1629
69 1513
69 2545
69 3734
69 4084
71 3348
71 4409
72 604
72 2629
72 3320
73 1199
75 3170
76 127
76 3296
76 4144
77 25
77 533
79 484
79 606
79 998
79 2092
79 2941
79 3241
80 3657
81 960
82 2220
83 2155
83 2988
84 928
85 96
85 869
86 2546
86 3218
87 209
87 3334
89 3831
90 2122
91 4025
92 2158
92 3982
93 2417
94 752
95 179
95 2547
95 4208
95 4218
96 2093
97 631
97 679
98 3483
99 1068
101 1598
101 3020
101 3060
102 1929
103 2935
104 1877
104 2281
105 3030
106 3302
106 4159
107 863
109 1936
110 2789
110 3050
110 4118
111 482
111 1304
112 1860
112 3142
112 3731
113 2530
114 897
115 429
115 695
115 1012
115 3147
115 4452
116 3906
116 4131
117 1732
118 1480
118 1612
119 92
119 625
119 1760
119 3515
120 1573
121 774
121 1751
124 734
124 858
124 3431
124 3687
125 268
125 2632
126 544
127 1346
127 2312
127 3143
128 859
128 1474
128 1480
129 1805
129 2014
129 2054
129 3921
129 4405
130 466
130 1899
131 275
131 2978
131 4375
132 1303
132 3954
132 4265
133 435
133 1734
133 3792
134 291
134 4447
135 1575
135 4491
136 1466
136 2477
137 41
137 302
137 3969
138 1558
139 1108
139 2854
140 1229
141 467
141 1327
141 3034
141 3643
144 1214
144 2096
144 3575
145 2336
145 3480
146 51
146 771
146 955
146 4313
148 621
148 1231
149 4474
150 40
150 1340
150 3970
151 944
151 3875
152 499
152 639
152 3834
152 3972
153 4098
153 4258
154 2063
155 1897
156 431
156 989
156 1510
156 2456
159 1137
159 1669
159 2265
159 3268
159 4061
160 1391
161 566
161 2623
162 641
162 3282
162 4445
163 1469
163 1547
163 1775
164 5
164 2175
164 2179
165 1146
165 2477
165 4104
166 509
166 2936
166 3225
167 2175
167 3715
168 842
168 4058
170 4056
171 1324
171 1356
173 4284
174 1308
175 1648
176 1260
176 2441
176 3154
177 3390
177 4396
178 938
178 1221
179 573
179 4147
180 189
180 2659
180 2824
181 3736
182 1014
182 3675
186 1511
186 3950
187 981
187 1906
187 2282
188 393
188 3146
189 2048
189 2119
189 3463
190 132
190 3431
191 156
191 4072
192 3174
193 248
193 275
193 742
193 2115
194 2024
194 3035
195 121
195 123
196 1865
197 1378
200 1142
200 2334
200 4050
201 167
202 464
202 941
202 1367
203 51
203 2129
203 2867
204 1083
204 2323
206 94
206 1451
206 4429
207 3271
208 2509
208 3021
208 4311
209 535
209 1000
209 1971
209 2331
209 2622
209 4355
210 2548
210 4283
211 3067
211 3882
212 1196
212 4388
215 3970
216 2755
216 2950
217 1562
218 2599
218 3976
219 4022
220 2591
220 4116
221 924
222 1145
222 4366
223 2747
224 1051
224 2007
224 4402
225 761
225 872
225 2842
225 3225
226 1578
226 1772
227 2079
228 2564
229 1938
229 3444
229 3578
230 2564
230 2822
230 3411
232 428
232 2954
233 470
233 2564
233 2824
233 4428
234 4259
237 142
237 1290
237 2299
238 1884
238 2771
240 1253
240 2317
241 3447
242 346
242 3600
243 3122
244 2562
244 3114
244 3331
245 365
246 181
246 4089
246 4453
247 3820
248 2482
248 4255
248 4303
249 1768
249 2893
249 3429
249 4366
250 1352
250 1573
250 1740
250 2178
251 3395
254 1360
254 2945
256 4449
256 4455
257 4250
258 266
258 3409
259 1020
260 45
260 780
260 4429
261 1349
262 361
262 1104
262 1961
264 1856
265 2269
265 3336
266 1295
267 1490
267 3541
267 4037
268 857
268 2560
268 2658
268 3447
268 3631
270 829
270 2010
270 2227
270 2324
271 2459
271 2500
273 1374
273 3696
273 4285
274 284
274 351
274 2747
276 3457
277 2862
278 3223
278 3429
281 233
282 2594
283 1162
283 3495
283 3799
284 820
284 2491
284 3844
284 3918
285 1007
285 3813
286 350
286 3400
287 2037
288 2014
289 2243
289 2606
289 2968
290 540
291 2876
293 2858
293 3809
293 4305
294 2525
294 3770
295 392
296 258
296 428
296 2446
296 2733
296 3305
298 864
298 2229
298 2572
298 3503
299 405
299 845
299 1369
299 1619
301 1079
302 1325
304 1089
305 2123
306 97
306 2727
307 100
307 3424
308 2766
308 3468
309 2265
309 3249
310 1961
310 3135
311 522
312 477
312 1287
312 1648
312 2078
312 3017
313 50
313 519
313 2983
315 822
315 2796
316 159
316 3103
316 3626
317 2000
317 2228
318 973
318 1663
319 455
320 903
320 3377
321 3411
322 1004
322 4134
323 2686
323 2839
323 3215
323 3807
325 2974
325 3547
325 4242
326 1454
326 3393
327 4116
328 206
328 226
328 257
328 634
328 3053
329 7
329 1893
329 3210
329 3572
330 212
330 1363
332 2164
332 2899
333 71
333 513
333 2644
333 3589
334 1456
334 3011
335 3791
337 3195
338 994
338 2838
339 1875
341 2144
342 228
342 399
342 481
342 968
342 3109
342 4085
343 3155
343 4459
344 1067
344 3899
345 1443
346 467
346 2250
346 4465
347 2372
348 1812
349 784
349 1501
350 1657
350 3952
351 2703
351 2920
352 2742
352 4365
353 296
354 4147
355 861
355 1485
355 2215
355 3480
356 1412
356 1637
356 1910
358 3764
359 1017
360 445
360 699
360 1283
360 2124
361 2188
361 2572
361 4022
362 1040
362 2913
362 4102
363 1684
363 4126
364 1502
364 1801
365 2800
366 2624
367 601
369 1021
369 1070
369 2210
370 571
370 622
370 3636
372 2166
373 459
374 855
374 2992
374 3283
375 1414
376 1523
376 2173
376 3853
378 4309
379 909
379 2359
379 4148
379 4300
379 4467
380 981
382 1413
382 1857
382 2202
382 3008
383 1547
383 2854
384 268
384 1017
386 2915
387 825
388 342
388 668
388 1206
388 2051
389 1228
390 3276
390 4468
391 3498
392 528
392 996
392 1016
392 1106
393 3982
394 286
394 3446
395 864
395 1721
397 1111
399 131
399 507
399 2929
400 2373
400 2414
402 2601
402 3718
402 3929
403 3950
403 4092
404 3626
405 672
405 2435
405 2822
408 793
408 990
408 3606
408 3896
409 1686
409 2239
410 1805
410 3649
412 99
412 356
412 798
412 1684
412 2339
412 3046
412 4292
413 399
413 1129
413 3667
413 3739
414 577
414 1844
414 2821
414 4139
418 4382
419 3579
420 421
420 585
420 4076
420 4372
421 3582
421 4167
422 949
423 3254
425 1279
425 2576
426 427
426 1072
426 2555
427 1241
427 3486
428 2166
429 2493
429 3023
430 2712
430 3541
430 4407
431 51
431 1772
431 1915
431 3051
431 3344
432 3843
432 4432
432 4453
433 2323
433 4050
434 486
436 1061
437 1807
438 1887
438 2374
439 1574
439 1826
439 2956
440 486
440 1674
441 3506
442 3609
444 3867
445 467
445 4066
450 745
450 1704
450 3513
451 1626
451 1724
451 2335
451 4279
452 2077
452 2824
452 4274
452 4395
453 3708
453 4116
456 1306
456 2496
457 1959
457 2872
458 344
458 1979
458 2562
458 3612
459 16
459 2046
460 1680
462 3442
462 3908
462 4321
463 1175
464 111
464 946
464 1846
465 463
465 959
465 1119
465 2113
466 149
466 1368
466 2693
466 2882
466 3751
467 1267
468 716
468 4292
469 102
470 1662
470 3456
471 1490
471 1971
472 42
472 3881
473 588
474 156
474 1414
474 2922
474 3104
474 4466
475 52
476 778
477 728
479 2520
481 1145
481 2790
481 4022
482 4162
482 4466
484 284
484 2082
484 3694
485 2495
485 2847
485 4376
486 3711
487 2973
487 3447
488 80
488 2537
488 3454
489 1148
490 252
490 1009
490 1431
490 1608
490 1668
490 1680
491 1277
491 4200
492 696
492 1687
492 3428
492 4048
493 150
493 785
493 1996
494 1560
494 3224
495 876
496 3675
496 3747
497 2802
497 3413
497 4445
498 1446
498 1512
499 2428
500 814
501 2058
502 117
502 141
503 2695
503 3093
505 2604
506 1976
507 19
507 2003
507 3315
508 385
508 549
508 2110
508 2323
508 2800
509 2226
509 4373
510 1186
510 3313
512 2462
513 126
513 1766
513 2148
513 2788
514 2489
514 3773
514 4340
515 398
515 511
515 2199
515 2542
517 2522
518 428
519 198
519 3392
519 4083
520 2535
521 634
521 2190
522 464
522 2126
522 3429
523 2621
523 3602
523 4184
524 1829
524 4484
525 369
525 2829
525 4229
526 1593
527 3265
528 387
528 1190
528 3919
528 4160
529 1602
529 3721
530 2212
531 1720
532 908
532 3980
532 4223
533 300
533 2195
533 3094
533 3613
535 229
535 3885
535 4409
536 804
536 1405
536 2335
537 2610
538 3261
539 3018
540 3865
540 4156
541 2182
541 3070
541 3588
542 1393
543 1711
544 448
544 2368
544 2675
544 4013
545 504
546 2712
547 2923
549 1144
549 2390
549 3140
551 3204
552 188
552 2120
552 2978
552 4051
553 92
553 313
553 1707
554 2452
554 2645
555 2912
556 1226
556 2033
556 3432
556 4471
557 226
557 2153
557 2823
558 1097
558 3388
558 3606
559 422
559 1691
560 2507
561 3154
562 1996
563 359
563 3133
565 3122
566 530
567 1012
567 1144
567 3068
567 3693
568 1763
570 3986
570 4046
571 1210
571 1618
572 914
572 1784
572 3639
572 4009
573 382
573 2018
573 2458
574 3602
574 4410
578 1097
579 1056
579 3707
579 3927
580 779
580 1032
580 1436
580 4278
581 938
581 1405
581 2344
582 1243
582 3296
583 1506
583 2540
584 247
585 262
585 3760
585 4467
587 323
587 3664
588 696
589 2342
589 2452
589 2900
591 196
591 987
591 2361
592 204
592 2449
592 3977
592 4263
593 888
593 3197
593 3780
594 259
594 3916
595 2424
595 3072
596 845
596 3458
597 7
598 1356
598 1543
599 1604
599 2658
600 749
601 1370
601 2246
601 3162
602 834
602 1013
602 1801
602 4159
604 837
606 612
606 887
607 3455
607 3913
608 1385
608 4196
609 1977
609 2780
609 3364
610 1279
610 2481
611 2262
611 2737
611 4438
612 777
612 858
612 930
613 2831
614 49
614 403
614 4428
619 3189
621 1916
621 2585
621 2757
621 2906
622 1754
622 4424
624 3762
625 51
625 2351
626 2556
626 4250
626 4408
627 909
628 2246
628 3981
629 1042
629 1578
629 1781
629 3197
630 547
630 1918
630 2409
630 3705
630 4110
631 1154
631 2900
631 3650
632 2149
632 2300
632 3699
634 145
634 413
634 1113
634 3212
634 4041
636 7
636 2333
636 3361
637 1012
637 1288
637 2392
638 521
638 2037
639 4304
642 1922
642 3949
643 4030
644 2960
644 3450
644 4113
646 2210
646 2679
646 4189
647 1286
647 2066
647 2173
648 2279
649 382
650 3174
650 3517
651 1247
651 1552
651 1828
651 2716
651 3900
652 1709
652 2860
653 3951
654 1174
654 3952
656 1201
656 3815
657 1383
657 2758
657 4162
658 3371
658 3626
659 1078
659 3659
659 4425
660 1327
661 1418
662 1816
662 2061
662 2194
663 277
663 585
663 658
663 4164
664 468
664 1064
664 1717
664 2419
665 2164
665 3916
666 826
666 3478
667 84
667 3271
667 3902
667 3949
667 3977
668 1124
670 2736
670 3287
671 202
671 492
672 3807
672 3820
673 577
673 3050
674 4244
675 2546
675 2594
676 874
676 1104
676 1532
676 1744
676 4456
677 2773
678 1519
678 3434
679 1000
679 3786
680 196
680 1934
680 3195
681 1053
681 2733
681 3761
683 403
683 4057
685 522
688 1370
688 2731
688 4266
689 1020
689 3002
691 2073
691 2899
692 722
692 874
692 1132
692 4148
693 1891
693 2573
693 4314
694 3382
694 4501
696 4366
697 2341
697 4104
698 4004
699 1373
699 2140
701 1226
701 3906
702 3692
703 888
703 3191
703 3859
704 165
704 2825
704 3217
704 4163
705 2594
705 3910
706 4330
707 1904
708 3345
709 776
710 2853
710 3769
711 342
711 2403
712 3606
712 3628
713 3000
714 1905
715 2128
715 2272
717 432
717 2562
718 461
718 1986
719 1195
719 3079
720 720
720 1671
720 1947
721 2900
721 3632
722 82
722 369
722 892
722 1263
722 2157
723 1443
723 2269
723 4003
725 1332
725 2492
726 1233
727 2637
727 4346
728 157
728 761
728 3927
728 3970
728 4060
729 3120
730 1873
731 1561
731 4140
732 96
732 1148
733 2539
733 3828
734 1213
734 3639
734 4021
735 743
736 3470
738 1075
738 4344
739 3023
739 4272
740 868
741 1106
742 256
742 491
742 2571
743 3616
743 3698
744 288
745 140
745 3126
745 3760
746 1743
746 4320
747 2856
748 1977
749 300
749 2075
749 3769
750 3102
750 3147
751 2724
751 3831
752 1771
753 2673
754 2036
755 1479
755 3149
755 3478
756 84
756 1468
756 1792
756 3257
757 1352
757 3124
758 614
758 1605
758 2135
758 3669
759 1186
759 2479
759 3304
760 546
760 1128
761 1618
762 809
762 1262
762 2268
762 2616
764 2163
764 3109
764 3392
764 3892
765 1754
765 1961
765 2931
765 3172
765 3908
766 405
766 1854
767 3670
768 4108
769 2134
769 2648
769 3673
770 428
770 1513
772 3428
773 1999
773 2582
774 695
774 2268
774 3422
775 3675
775 3711
775 3778
775 4448
776 369
776 2813
779 1935
779 2141
782 748
782 1612
782 2847
784 871
784 2527
785 355
785 912
786 477
786 2117
786 3323
786 4111
787 146
787 2906
788 2762
788 2825
788 3405
788 3638
789 1737
789 2452
789 3072
790 2149
790 3631
791 1946
791 2312
794 821
794 2167
795 905
795 2037
795 3132
795 3227
796 419
796 1554
797 1251
797 3359
797 3417
798 651
798 1031
800 1892
800 4011
801 2055
802 955
802 1980
802 4448
803 768
803 2759
804 3309
804 4195
805 210
805 390
805 773
805 1652
806 4482
807 136
807 3401
808 698
809 590
810 3592
811 373
812 130
813 1138
813 3023
814 600
814 2348
814 2920
816 701
816 1638
817 1272
817 1618
817 1816
817 3061
820 4161
820 4496
821 753
821 3454
822 9
824 649
824 4442
825 959
825 1009
825 1820
825 1990
825 4475
826 478
826 1247
826 3572
826 3871
827 2743
827 2979
827 3411
828 289
828 604
828 735
829 3350
829 4271
830 65
830 1262
830 2762
831 2922
832 2558
833 1286
836 2306
836 2352
836 2881
837 2229
837 4500
838 194
838 2986
839 650
839 2029
839 2408
839 3272
840 3770
841 3079
841 3721
842 2579
842 3059
842 3643
843 1683
843 3415
844 794
844 3482
845 533
845 1040
845 1549
845 1958
845 3300
845 3631
845 4233
846 3468
847 1267
847 3149
848 4030
849 707
849 1412
849 1795
849 2202
849 2601
849 3598
849 4467
850 1093
850 4343
852 3475
853 956
853 1697
853 2256
853 2887
854 159
854 646
854 984
855 45
855 1651
856 1234
856 4206
856 4314
857 1468
857 1684
857 3180
859 67
859 4095
861 216
861 3412
862 659
862 2036
862 4118
863 2842
864 1296
864 3164
865 1711
865 4454
866 255
866 2154
866 2374
866 3132
868 2362
869 259
869 803
870 1827
870 1936
870 2311
871 2433
871 4460
872 1524
872 3676
874 3586
876 246
876 754
876 3047
877 2659
877 2741
879 510
879 954
879 2854
879 3338
880 482
881 1410
881 1524
882 2084
883 2196
884 2857
884 4148
885 744
885 3330
886 496
886 848
886 2279
886 3479
887 2120
887 2984
888 329
888 3121
889 968
890 2285
890 4312
891 140
891 1762
891 2014
891 3439
891 3784
892 671
892 2854
892 3791
893 762
893 2583
894 3823
894 3959
894 4400
895 121
895 1660
895 2512
896 1163
896 3211
896 4343
898 3296
898 3565
899 2808
899 3175
900 2121
900 4288
901 766
901 3141
901 4183
903 2012
904 468
905 3330
905 3684
905 4086
906 155
906 2271
906 2439
907 3202
908 246
908 1634
908 4094
909 3011
910 2634
910 2774
910 2974
911 1232
911 2382
913 1447
914 265
914 1918
914 2587
915 2548
916 2758
917 3271
918 208
918 586
918 1814
920 100
920 552
921 2768
922 4284
923 118
923 890
924 1171
924 2213
925 122
925 287
926 1648
926 2359
929 3059
929 3880
930 3940
931 618
931 2213
931 2543
931 3247
932 808
932 973
933 1331
933 1769
933 3229
934 96
934 2214
935 1024
936 938
938 3907
938 4098
939 157
940 3595
942 2845
943 920
943 2152
943 4126
944 2277
945 22
945 632
945 4008
947 2995
948 1562
948 3346
948 3459
948 3903
949 600
949 2309
950 3062
950 3658
952 57
952 3780
952 4365
953 654
953 1261
953 1435
953 2366
953 3556
955 459
957 247
957 1223
957 1248
957 2166
957 3151
958 2177
959 802
959 1837
959 3180
960 1369
961 3339
962 2063
962 2084
962 4023
963 1071
963 1745
963 2818
964 1999
964 2747
965 898
965 943
965 1095
965 3120
965 4477
966 1043
966 1938
966 2839
967 1015
967 3954
968 1713
968 2541
968 2968
968 4236
969 2007
970 1065
971 326
971 1542
972 5
972 3469
976 709
976 2879
977 374
977 1893
977 2460
977 3863
977 4136
978 1495
978 3966
979 3034
981 1528
981 2659
982 399
982 1142
982 1920
982 3419
982 4205
983 1965
984 3420
984 4186
985 3368
986 1267
987 584
987 1156
988 770
988 1677
988 2783
989 1268
989 3055
990 2173
990 2559
991 1419
991 2271
991 4161
992 2799
992 3883
994 1100
994 3470
996 889
996 1081
996 2362
997 3211
997 3779
998 3274
999 239
999 2914
999 3342
999 3681
1000 1604
1000 1783
1000 3432
1001 891
1001 1910
1001 4384
1002 1656
1003 119
1003 3694
1003 4242
1004 1806
1004 4018
1005 1441
1006 3718
1006 3733
1008 127
1008 2187
1011 3355
1013 1033
1014 2862
1014 3757
1015 1474
1015 1654
1017 1026
1017 1424
1017 1665
1018 3537
1019 2145
1019 2451
1019 3164
1019 3365
1020 3376
1020 3435
1021 2304
1022 1390
1023 2525
1023 3023
1023 3433
1024 1116
1024 1743
1025 371
1025 463
1028 3728
1028 4160
1029 2497
1029 3130
1030 2214
1031 1666
1031 3065
1031 3112
1032 2176
1033 3431
1034 796
1034 1302
1034 3174
1034 3404
1035 1020
1036 1302
1036 1452
1037 1813
1037 2326
1037 3066
1037 3364
1037 3563
1038 2241
1038 3070
1038 3541
1040 367
1040 891
1040 945
1040 1405
1040 4327
1041 7
1041 1252
1041 1447
1042 1105
1042 1676
1042 4490
1043 757
1043 2161
1044 527
1044 608
1044 3743
1044 4284
1045 1587
1045 2210
1045 3295
1045 3928
1046 3028
1046 4081
1047 37
1047 1964
1047 4277
1048 971
1048 3558
1049 3590
1050 2177
1050 3604
1051 1703
1051 1859
1052 753
1052 1356
1052 3418
1052 3822
1053 3020
1053 3680
1059 450
1059 1415
1059 1892
1060 2501
1060 3414
1060 4368
1061 2267
1061 4186
1062 1542
1062 3930
1064 4089
1064 4215
1065 120
1065 3518
1066 594
1067 2488
1067 3281
1068 1066
1069 4255
1071 1421
1071 1894
1071 2793
1073 1697
1073 2655
1074 3277
1075 232
1076 42
1076 1555
1076 1873
1077 3917
1078 3281
1078 3958
1079 3076
1080 304
1081 139
1082 606
1082 1161
1082 3944
1083 1921
1083 2628
1084 2053
1085 2735
1085 3993
1086 697
1087 860
1088 2489
1088 3399
1089 1598
1090 2975
1090 3281
1091 2282
1091 3897
1092 1834
1092 4252
1093 767
1093 2683
1093 3493
1096 3080
1096 3288
1096 3602
1098 204
1099 3884
1102 1876
1102 3582
1103 126
1103 540
1103 3726
1104 2266
1104 2609
1104 3433
1105 792
1105 1374
1105 2142
1105 2448
1105 2550
1105 3905
1105 4059
1106 2192
1106 2427
1106 2525
1106 4313
1107 1010
1107 3516
1108 503
1108 4331
1109 1548
1109 2304
1109 3531
1110 692
1111 2369
1111 2964
1112 1709
1112 4324
1113 233
1113 1401
1113 2031
1113 2859
1113 3707
1114 369
1114 1620
1114 3074
1114 3105
1114 4320
1115 3043
1116 223
1116 487
1116 1818
1116 2452
1117 531
1117 3239
1118 36
1118 112
1118 943
1119 690
1119 1741
1119 2071
1119 2082
1120 2511
1121 1324
1123 4237
1124 3202
1125 981
1125 2410
1126 480
1127 156
1128 1577
1128 2695
1129 756
1129 1738
1130 1726
1131 3019
1131 3336
1132 2712
1132 2759
1134 498
1134 2238
1135 2574
1135 3420
1136 4340
1137 1750
1139 2223
1139 3340
1140 3051
1142 1294
1142 3546
1143 980
1143 1430
1143 2307
1143 4191
1145 1219
1146 214
1146 470
1146 471
1146 2072
1146 4485
1147 739
1147 1693
1147 2781
1148 1389
1148 4411
1149 2003
1150 159
1150 1285
1150 2098
1150 2873
1151 3864
1152 3986
1153 1132
1155 920
1155 1104
1155 1634
1155 2894
1155 4014
1156 3153
1157 800
1157 4219
1158 1254
1158 3699
1159 460
1160 436
1161 738
1162 1714
1162 2537
1163 527
1164 57
1164 1598
1166 995
1166 2888
1166 3655
1167 2589
1168 2059
1168 2074
1169 1231
1170 586
1170 1149
1171 1038
1171 3987
1172 766
1172 2206
1172 2719
1172 4087
1174 1824
1174 3182
1175 3569
1177 1984
1177 3646
1177 4283
1178 482
1178 2570
1179 1640
1179 2511
1179 3527
1180 960
1181 1684
1181 2543
1183 2605
1184 2676
1185 3029
1187 631
1187 1987
1187 2787
1187 3310
1188 2708
1189 1978
1189 2775
1189 3489
1189 4188
1190 1183
1190 1553
1191 2860
1192 592
1192 1159
1192 2430
1192 2632
1192 4426
1193 264
1193 1252
1194 2139
1195 24
1195 195
1195 395
1195 1432
1195 3136
1195 3312
1196 1105
1196 4260
1197 1520
1197 3105
1198 483
1198 530
1198 861
1198 1296
1199 3082
1200 2203
1201 1916
1201 2925
1203 553
1203 794
1203 1380
1203 4129
1204 1031
1204 4115
1207 731
1207 1113
1207 3354
1209 2603
1210 2120
1210 3475
1211 395
1211 3736
1212 1783
1212 2253
1213 2073
1213 2436
1213 3645
1214 113
1214 183
1214 1474
1214 3325
1215 3787
1217 4049
1218 4103
1220 2545
1221 12
1221 29
1221 1021
1222 3204
1222 3449
1223 531
1223 2509
1223 2579
1224 2607
1225 1662
1225 1834
1225 2622
1226 369
1226 1657
1227 1754
1227 2379
1227 3346
1229 1419
1229 3214
1231 1018
1231 1159
1231 3782
1232 503
1232 670
1232 1517
1233 1583
1233 3943
1234 3302
1234 3995
1236 959
1237 495
1237 3773
1237 4051
1238 1617
1238 3230
1238 4127
1239 1742
1239 3823
1239 4441
1240 694
1240 3023
1240 4023
1241 785
1241 2233
1242 784
1242 1772
1244 1800
1246 2585
1247 3040
1247 3050
1247 3163
1249 962
1250 2681
1250 3269
1250 3627
1250 4243
1251 2105
1251 3606
1252 3682
1253 1209
1253 3700
1253 4014
1254 823
1254 2301
1254 4420
1255 283
1256 1469
1256 3164
1256 3442
1257 813
1257 1022
1258 1443
1259 1718
1259 3209
1260 3660
1261 2024
1261 3784
1262 2301
1262 2318
1263 3764
1267 909
1268 214
1268 2585
1268 3351
1270 2229
1271 2248
1272 564
1273 1288
1273 3313
1273 3723
1274 307
1274 4048
1275 1559
1276 65
1276 118
1276 1181
1276 1627
1277 49
1277 2820
1277 3850
1277 4184
1278 1861
1278 2279
1279 285
1279 3812
1280 3518
1280 4497
1281 3349
1282 1295
1283 1563
1284 3305
1285 881
1285 1511
1285 3399
1286 2727
1287 3388
1287 4067
1288 457
1288 3661
1288 3761
1289 1847
1289 2866
1290 2031
1290 3123
1290 3447
1290 4458
1291 544
1293 1463
1294 850
1294 2223
1295 3791
1296 1954
1296 4037
1297 1369
1298 1978
1298 2502
1299 593
1299 3996
1300 1868
1300 2571
1300 4356
1301 4195
1302 592
1302 1585
1302 3775
1303 2432
1304 2493
1305 736
1305 3672
1306 3660
1307 290
1307 749
1307 4062
1309 1279
1309 2339
1309 3305
1309 4067
1310 780
1310 1042
1310 2517
1310 2717
1310 4240
1310 4298
1311 3090
1311 3628
1312 1485
1313 340
1313 1994
1313 2237
1315 3392
1315 3461
1316 2331
1316 4031
1317 4249
1318 2274
1319 4023
1320 3159
1321 874
1321 1715
1321 3387
1321 4059
1322 1533
1322 2055
1325 1077
1327 381
1327 2164
1327 3242
1327 3493
1329 439
1329 1808
1329 2907
1330 1038
1330 2727
1331 907
1331 3086
1332 1060
1333 410
1333 2018
1333 2201
1334 1337
1334 2074
1335 217
1335 2598
1335 4065
1336 1357
1336 3247
1336 3938
1337 1211
1337 2129
1337 4210
1338 666
1338 876
1338 1220
1338 2796
1339 849
1339 2245
1339 2809
1340 152
1340 3666
1341 3271
1343 240
1345 3836
1346 935
1346 1313
1347 1119
1348 138
1349 224
1349 2261
1351 15
1351 777
1351 2103
1351 2667
1351 4237
1351 4474
1352 1863
1352 3397
1353 2928
1354 2954
1354 3435
1355 1287
1355 3111
1356 2643
1357 1113
1357 1670
1357 2213
1357 2776
1357 2790
1357 3197
1357 4184
1357 4490
1358 1077
1358 1544
1359 2501
1359 2762
1360 3601
1361 1263
1361 1947
1361 2307
1362 685
1363 4487
1364 2146
1364 3256
1365 860
1365 4060
1366 228
1366 237
1366 1178
1366 4222
1367 2436
1368 432
1369 741
1369 4137
1370 3049
1371 58
1373 618
1373 3205
1374 842
1374 3841
1375 3030
1376 671
1376 1699
1376 3331
1377 1160
1377 2248
1377 3877
1378 376
1378 3093
1379 2904
1380 4371
1381 2512
1381 2880
1382 854
1382 4180
1384 580
1384 3759
1385 1181
1385 2007
1385 3389
1386 255
1386 1810
1386 2288
1388 4269
1390 86
1390 564
1390 1360
1390 1849
1390 3921
1391 1612
1391 3954
1391 4117
1393 3760
1393 3933
1393 4471
1394 915
1394 2687
1396 721
1398 3376
1398 3520
1399 37
1399 2043
1400 1908
1402 2081
1403 3935
1404 4355
1406 3975
1406 4013
1406 4395
1407 1371
1409 2927
1410 2262
1411 2177
1411 3989
1411 4475
1413 358
1413 1925
1413 2516
1413 3832
1413 4373
1414 1527
1415 2383
1418 2480
1419 2122
1420 1065
1420 1876
1420 4032
1421 662
1421 1226
1421 2850
1421 3035
1422 1458
1423 829
1423 4199
1424 69
1424 2699
1424 3461
1424 4394
1425 401
1425 1470
1425 3470
1425 4108
1426 468
1426 585
1426 910
1426 1049
1427 2484
1427 3096
1428 1549
1429 803
1429 2249
1429 3116
1429 3479
1430 3898
1431 589
1431 1587
1432 386
1433 2033
1433 4165
1434 768
1434 2122
1434 2212
1434 4305
1435 467
1435 2162
1435 2452
1435 2983
1435 4320
1436 955
1436 1490
1436 4049
1437 400
1437 2729
1437 3295
1438 4249
1439 681
1439 1466
1440 359
1441 1081
1441 3210
1441 3809
1442 1328
1442 1941
1442 2022
1442 2211
1443 3617
1443 4405
1444 14
1444 1916
1444 4185
1445 612
1445 3890
1447 1068
1447 3166
1448 1786
1448 1904
1448 4110
1449 4446
1450 193
1450 1251
1451 1443
1453 307
1454 647
1455 1187
1455 3318
1455 3719
1456 1112
1456 3182
1458 261
1458 4318
1459 1724
1460 2047
1461 4080
1462 2051
1462 3716
1463 597
1464 833
1464 2321
1464 2484
1464 3373
1464 3956
1465 2941
1466 1586
1467 540
1467 2490
1467 3608
1467 4182
1468 62
1468 812
1468 1174
1468 2016
1468 3930
1469 4204
1470 2530
1471 561
1471 2863
1471 3125
1472 2718
1472 2907
1472 3801
1472 4186
1472 4396
1473 34
1473 3242
1473 4061
1474 56
1474 2110
1475 2594
1475 3709
1475 4451
1476 2254
1478 1008
1478 1170
1479 3374
1480 12
1480 1199
1480 3931
1481 338
1481 2718
1481 3684
1482 1147
1482 1244
1482 3041
1482 4002
1483 900
1483 3840
1484 68
1484 2818
1484 3260
1484 3293
1484 3775
1485 820
1485 1738
1485 2481
1486 134
1486 369
1486 2711
1487 478
1487 1205
1487 2501
1487 4397
1488 834
1488 2375
1488 4263
1489 59
1489 772
1489 3312
1489 3900
1490 34
1490 3669
1492 1865
1492 2886
1494 1463
1494 1631
1494 3411
1495 3092
1495 4400
1496 3406
1498 699
1498 3877
1499 4158
1500 2701
1500 2964
1502 660
1502 1096
1502 2361
1503 489
1503 998
1503 1334
1503 4350
1504 840
1505 154
1505 628
1506 241
1506 600
1506 1204
1506 1532
1506 2812
1506 4148
1507 2824
1509 1849
1509 1969
1509 3260
1510 33
1510 2246
1510 3265
1510 3797
1511 75
1512 101
1512 1218
1512 4009
1513 163
1513 845
1513 3135
1514 4240
1515 2917
1517 1108
1517 3266
1518 1162
1520 2012
1521 2441
1522 418
1523 4307
1524 2197
1526 4036
1527 1210
1528 621
1531 103
1533 500
1533 1702
1533 1891
1534 817
1534 899
1535 723
1535 3055
1536 2460
1536 2511
1537 555
1537 3087
1537 3405
1537 3443
1537 3618
1538 949
1538 3359
1539 544
1540 2954
1541 2953
1542 2206
1543 142
1543 2782
1543 3257
1544 2469
1545 813
1545 2043
1545 3635
1545 4215
1546 1440
1546 2407
1547 207
1547 678
1548 3951
1549 801
1549 881
1549 2928
1550 1991
1550 4122
1550 4339
1551 4
1551 674
1551 1224
1552 1581
1553 3303
1555 1157
1555 1478
1555 1694
1555 2104
1557 2917
1557 3129
1557 3955
1558 1398
1558 3193
1558 3312
1559 1058
1559 2863
1560 2267
1560 2875
1561 1654
1561 4439
1562 2586
1562 3748
1563 2391
1563 3682
1563 3956
1565 1070
1565 2096
1565 3600
1565 4165
1566 1575
1566 2168
1567 1121
1568 1130
1568 3359
1570 123
1570 666
1570 1503
1570 3754
1571 947
1571 1206
1571 1485
1571 1527
1571 4476
1572 714
1572 3140
1573 760
1573 1292
1574 1721
1575 589
1575 3891
1575 3952
1576 600
1576 1253
1577 4001
1579 534
1579 1872
1579 3703
1580 3000
1580 4442
1581 1964
1581 2528
1582 1840
1582 2681
1582 3411
1583 685
1584 1119
1585 1105
1585 1794
1586 1922
1587 708
1587 3550
1588 1230
1589 1939
1589 2770
1589 4136
1590 4039
1591 3067
1591 4077
1591 4209
1592 2357
1593 1447
1593 2944
1593 3007
1594 82
1594 187
1595 1859
1595 3595
1595 4012
1597 1353
1599 324
1599 3625
1600 168
1600 3457
1600 3775
1601 4138
1602 1659
1602 2455
1603 4263
1604 125
1605 389
1606 2504
1606 4207
1608 3914
1609 590
1609 1286
1610 468
1610 1823
1610 3452
1611 1505
1612 2001
1612 3948
1614 63
1614 1200
1614 1966
1615 4002
1616 231
1616 600
1618 889
1618 1527
1622 1740
1623 3278
1625 2819
1626 1405
1626 4162
1628 592
1628 3106
1629 3038
1630 3752
1631 777
1631 1406
1632 681
1633 1965
1634 2303
1634 3313
1635 3297
1636 2419
1637 4243
1638 823
1638 3506
1638 4358
1639 2659
1640 827
1641 2293
1641 4225
1642 1264
1642 4199
1643 1885
1643 2403
1644 82
1644 544
1644 893
1644 3155
1645 2621
1646 639
1646 2315
1646 3258
1647 2447
1648 7
1648 900
1650 2446
1651 707
1653 127
1653 1463
1653 1520
1653 3551
1654 427
1654 2475
1654 2898
1655 1401
1655 4412
1656 1373
1657 3776
1658 930
1658 2672
1658 3711
1659 310
1659 517
1660 922
1660 1166
1660 2288
1661 175
1661 361
1661 676
1661 1124
1661 2113
1663 3670
1664 2131
1665 263
1665 2970
1666 651
1666 2210
1666 2757
1666 3034
1666 3904
1667 208
1667 930
1667 3783
1667 4217
1668 638
1669 373
1669 2920
1670 208
1670 2463
1671 881
1671 4193
1672 3682
1672 4200
1673 1283
1673 2262
1673 2868
1674 798
1675 504
1676 755
1676 2959
1677 768
1677 3145
1678 1840
1678 4028
1679 1261
1680 2411
1681 3347
1682 59
1682 1402
1682 2123
1682 3647
1682 3817
1684 265
1684 1630
1684 4111
1685 125
1685 2507
1685 2552
1687 1326
1687 1883
1687 3670
1688 1898
1688 1992
1688 2588
1688 4112
1688 4494
1689 456
1689 4318
1690 4026
1691 3430
1691 3436
1694 2149
1694 3448
1695 635
1695 687
1695 4062
1696 1036
1696 4138
1697 1394
1697 4034
1698 600
1699 4316
1700 2970
1700 4096
1702 1886
1703 75
1703 1274
1705 2705
1706 1654
1706 3894
1707 871
1707 2761
1707 2859
1709 15
1709 1867
1709 4322
1710 4238
1711 1230
1712 2613
1712 3300
1713 1252
1713 2165
1714 3286
1714 3353
1714 3460
1714 3823
1716 1558
1717 1865
1717 3745
1718 1176
1719 595
1719 2449
1719 3561
1719 4124
1720 584
1720 3750
1721 2428
1722 3627
1722 4009
1722 4081
1723 592
1725 899
1725 2507
1727 472
1727 2077
1728 593
1728 1671
1728 2492
1728 2869
1729 2419
1729 3787
1731 201
1731 1413
1731 2145
1731 3862
1732 513
1733 1360
1733 2398
1733 3584
1733 3901
1734 1066
1735 883
1735 2327
1736 711
1736 1199
1736 3249
1737 286
1737 1854
1737 1920
1737 2276
1738 3814
1739 428
1739 863
1739 1330
1739 4263
1741 4462
1742 679
1742 2817
1743 79
1743 623
1743 1219
1743 2529
1743 3546
1744 4114
1745 605
1745 3148
1748 150
1748 488
1749 1607
1749 3355
1749 3945
1751 1798
1751 2426
1752 825
1752 1653
1752 2674
1753 2189
1753 3066
1754 689
1754 967
1755 60
1756 329
1757 1966
1758 3009
1758 3334
1759 1534
1759 2922
1759 3921
1760 1256
1760 2984
1761 615
1761 2620
1762 3100
1762 4013
1762 4120
1762 4407
1763 4242
1764 1302
1764 3609
1764 4029
1764 4183
1766 3146
1766 4303
1767 30
1767 482
1767 1335
1767 2315
1767 4092
1768 627
1769 364
1769 1272
1769 2962
1771 1516
1771 1936
1771 2958
1771 3624
1772 1041
1773 2846
1774 650
1774 1509
1774 2863
1775 1824
1775 3520
1776 4403
1777 1354
1777 2224
1777 2405
1778 2843
1779 1042
1779 1696
1779 4015
1780 3014
1780 3550
1781 1208
1781 2327
1782 11
1782 105
1783 2466
1784 251
1785 396
1785 3425
1786 889
1787 867
1788 1095
1788 1898
1788 2196
1788 2518
1788 2628
1788 2703
1788 2903
1788 2941
1789 3431
1791 963
1791 1294
1791 2084
1791 2132
1791 3803
1792 402
1793 533
1793 949
1793 1995
1793 2721
1794 2006
1794 3331
1797 642
1797 2472
1798 1474
1799 1853
1799 3601
1800 481
1802 118
1803 779
1803 1069
1803 2926
1803 4301
1804 2590
1804 2684
1804 2885
1806 1555
1806 1941
1806 2048
1807 4084
1807 4484
1809 3557
1810 323
1812 2556
1812 2777
1814 589
1814 614
1814 3571
1815 3487
1816 793
1817 1053
1817 1433
1817 1855
1818 851
1819 1666
1819 2955
1819 3585
1820 547
1820 1139
1820 2416
1820 4212
1821 2102
1822 1788
1823 1086
1823 2776
1823 3704
1824 2631
1826 1352
1826 4069
1827 3334
1828 2649
1829 768
1829 3406
1829 4217
1830 572
1830 671
1830 750
1830 757
1830 1646
1831 779
1833 2128
1836 1101
1837 673
1838 436
1838 996
1838 3893
1839 660
1839 4125
1841 2170
1842 1811
1842 1840
1843 2563
1843 4090
1844 779
1844 1219
1844 1589
1844 2808
1845 1032
1845 2208
1846 1506
1846 4168
1847 681
1847 3031
1848 2053
1848 2155
1848 3423
1849 2104
1849 2516
1849 3630
1850 888
1851 751
1852 81
1853 602
1853 3266
1853 3590
1854 237
1854 1147
1854 2391
1854 3507
1855 2011
1855 3129
1855 3753
1858 639
1858 966
1858 1175
1858 1769
1858 2071
1859 21
1860 980
1860 1633
1860 2190
1860 2688
1860 3925
1860 3977
1861 3006
1861 4111
1862 558
1863 2732
1863 3384
1864 1665
1864 3337
1864 3479
1866 3520
1867 2219
1867 2545
1867 2967
1867 3612
1867 3653
1867 4378
1868 1283
1868 3600
1869 636
1869 795
1870 2705
1872 718
1873 49
1874 427
1874 3495
1874 3753
1875 2711
1875 3463
1876 275
1876 1409
1876 2906
1876 3961
1877 1553
1877 3181
1878 1284
1881 858
1882 90
1882 822
1882 3402
1883 1448
1883 3500
1885 2036
1885 2667
1886 485
1886 1087
1886 1895
1887 350
1887 3342
1888 1975
1888 2109
1889 3396
1890 61
1890 1169
1891 542
1891 1048
1891 1710
1892 4262
1893 692
1893 1351
1894 971
1895 1562
1895 4446
1896 334
1897 346
1897 729
1897 1627
1897 2620
1897 4326
1898 3834
1899 1497
1899 2648
1899 2966
1900 704
1900 4218
1902 1143
1902 3866
1903 3605
1905 1694
1906 2233
1907 1293
1908 2209
1908 4276
1910 2754
1910 3475
1910 3612
1910 3842
1912 3703
1912 4042
1913 601
1913 3298
1913 3503
1914 311
1914 950
1914 1845
1914 3105
1914 3851
1916 151
1916 1105
1917 1892
1918 743
1918 2647
1918 3246
1919 1829
1919 3119
1921 1706
1921 2196
1921 2695
1921 3854
1922 337
1922 2691
1922 3275
1923 1599
1923 2561
1924 258
1925 1851
1926 681
1927 18
1928 1378
1928 1806
1928 2850
1929 843
1930 1387
1930 4111
1931 121
1932 3257
1933 577
1933 997
1934 3691
1935 260
1935 2148
1935 4253
1936 2334
1936 3478
1937 2990
1940 1084
1941 173
1941 637
1941 687
1941 2280
1942 21
1943 553
1943 3240
1943 3656
1944 1974
1944 1982
1944 2110
1944 2773
1944 4036
1944 4375
1945 1803
1945 3444
1946 2169
1946 3331
1947 1752
1947 2983
1950 846
1950 2432
1950 4207
1951 42
1951 1334
1951 1568
1952 1408
1953 3853
1954 1382
1954 2951
1955 798
1956 1792
1957 3928
1958 146
1958 2253
1958 4246
1961 246
1961 1650
1961 3030
1961 3912
1962 78
1962 1483
1962 4456
1963 1045
1963 1612
1963 2550
1963 3216
1963 4291
1964 2869
1967 334
1967 2219
1968 793
1968 2595
1969 541
1970 3195
1971 1697
1971 2871
1972 2841
1974 906
1974 2643
1974 4078
1975 148
1976 3300
1976 3964
1977 3661
1978 1475
1978 2785
1978 3060
1978 3349
1979 13
1979 77
1979 712
1980 1307
1980 3955
1981 3881
1982 448
1982 786
1982 1609
1982 1620
1982 2523
1982 2801
1984 63
1984 975
1984 3967
1985 851
1985 1281
1985 2382
1985 2632
1986 4236
1987 4232
1988 3075
1989 1132
1989 1572
1989 2038
1989 3073
1990 4460
1992 496
1993 257
1993 293
1993 526
1993 3783
1994 828
1994 4264
1994 4465
1995 1888
1995 2133
1995 2872
1996 1318
1996 3437
1996 3509
1996 3645
1996 3743
1997 1438
1997 2517
1997 2599
1997 3152
1998 2269
1998 2874
1998 3052
1998 4123
1999 1421
1999 1854
1999 2950
2001 90
2001 239
2001 802
2001 2424
2001 2456
2001 3678
2002 1224
2002 1853
2002 2019
2003 1665
2003 3330
2003 3439
2005 158
2005 942
2005 1538
2005 2417
2005 2933
2006 1428
2006 1920
2007 603
2007 1600
2007 1950
2007 4351
2008 104
2009 888
2010 1961
2010 3773
2011 2388
2011 3535
2011 4420
2014 3490
2015 509
2015 856
2016 3110
2016 3602
2017 558
2017 993
2017 2155
2018 137
2018 2989
2018 4269
2019 935
2019 3890
2020 1976
2020 2569
2021 947
2021 1135
2022 93
2022 1149
2022 1220
2023 1438
2025 1338
2025 2969
2025 3454
2027 863
2027 1737
2027 3189
2027 4120
2029 2735
2031 2267
2032 3177
2033 2342
2034 3822
2035 347
2035 2906
2035 2930
2036 2062
2036 3153
2037 556
2037 2022
2037 4118
2038 1388
2038 4455
2039 2055
2040 1885
2040 2488
2040 3578
2041 1983
2042 3740
2043 1529
2043 2474
2043 4417
2045 2637
2045 3797
2045 3860
2047 526
2047 3713
2048 506
2048 1136
2048 1631
2049 1056
2050 1254
2050 1991
2050 3017
2052 112
2052 1112
2053 924
2053 4229
2054 4423
2055 2113
2055 4240
2056 1491
2057 330
2057 767
2057 3560
2060 703
2062 2644
2062 2962
2062 3617
2062 4072
2063 2101
2063 3117
2064 1594
2064 2357
2065 2260
2065 3778
2065 4031
2065 4147
2066 1400
2066 2330
2066 2603
2067 109
2067 2098
2067 4159
2068 1217
2068 3197
2069 33
2070 605
2070 3203
2071 3169
2072 308
2072 3309
2072 3451
2074 1788
2074 1948
2074 2764
2074 3504
2076 1293
2076 3207
2077 3654
2078 124
2078 618
2078 2080
2079 1477
2079 2589
2080 1434
2081 2224
2082 1356
2082 2472
2082 2651
2083 695
2083 1619
2085 2923
2086 488
2086 1061
2086 1946
2086 2314
2087 1310
2087 2068
2087 2506
2088 4033
2089 1977
2091 1976
2091 2823
2092 942
2093 176
2093 953
2094 408
2094 4141
2094 4277
2095 1586
2095 3731
2095 3852
2096 3127
2097 128
2097 1397
2097 3888
2097 4055
2097 4220
2098 795
2098 2421
2098 4213
2100 1314
2101 4340
2103 2602
2103 3262
2104 360
2105 1916
2106 249
2106 1747
2106 3504
2107 2226
2108 3234
2109 2077
2109 2521
2110 543
2110 1031
2110 4262
2111 364
2111 863
2111 1533
2111 2353
2111 2370
2112 115
2112 227
2112 325
2114 1893
2114 1934
2115 1349
2115 2229
2115 4004
2116 28
2116 4440
2117 753
2117 4200
2118 448
2119 1300
2119 2710
2119 3909
2120 4468
2121 2139
2122 369
2122 2868
2122 2995
2122 3723
2123 407
2124 2543
2126 2148
2128 139
2128 681
2128 1931
2129 240
2130 1528
2131 3865
2132 3953
2133 1018
2135 1334
2135 2260
2136 2086
2136 2746
2136 2899
2137 816
2137 1522
2137 2089
2137 2742
2137 3140
2137 3549
2138 2240
2139 23
2139 2588
2140 8
2140 2238
2140 4369
2141 247
2141 2599
2141 3524
2142 211
2142 1904
2143 2112
2145 522
2147 990
2147 2819
2148 123
2148 4457
2149 2946
2149 4311
2149 4376
2151 383
2151 1766
2151 2989
2152 1215
2153 796
2154 899
2154 913
2155 1611
2155 2090
2157 309
2157 3233
2159 2661
2160 370
2160 1180
2160 2503
2161 1181
2161 2132
2161 3865
2161 4082
2162 412
2164 4001
2165 2520
2165 2630
2167 3467
2168 1251
2168 2760
2169 2040
2170 2072
2170 2961
2170 4233
2171 2475
2172 1092
2172 3530
2173 708
2173 1097
2173 3319
2173 3761
2174 2378
2177 2885
2178 3386
2179 331
2179 1593
2179 1647
2179 3682
2179 3807
2180 2677
2181 2499
2181 3208
2182 894
2182 1044
2184 4129
2185 3527
2185 3639
2185 3905
2186 3622
2187 1306
2187 2056
2187 2764
2188 681
2188 898
2188 943
2189 3129
2189 3691
2190 195
2190 1480
2191 1526
2191 2030
2191 2565
2191 3815
2191 4143
2195 1301
2197 4043
2198 1951
2198 2826
2199 3608
2200 521
2200 1647
2200 1782
2200 4391
2200 4418
2201 3810
2202 1754
2203 1124
2203 4095
2204 518
2204 2672
2204 3196
2205 96
2206 2066
2207 999
2207 4089
2208 354
2208 2967
2209 419
2209 1637
2209 3122
2211 233
2211 1897
2211 3737
2212 2064
2212 2177
2212 3308
2212 3878
2213 193
2213 1882
2214 1042
2214 1253
2214 2906
2215 375
2215 2405
2215 4390
2216 2249
2217 1597
2217 1944
2217 1950
2218 3290
2220 3767
2221 3315
2222 4227
2223 1844
2223 3124
2224 854
2224 2361
2224 3780
2225 2462
2226 1924
2226 3321
2226 4096
2226 4383
2228 46
2230 1696
2231 3260
2232 3488
2233 1853
2233 3714
2234 1936
2235 2449
2237 938
2237 3483
2238 904
2238 4013
2238 4132
2238 4298
2240 497
2241 2174
2242 2200
2242 4476
2243 3278
2245 2464
2246 1690
2246 1927
2247 1219
2247 2381
2249 528
2249 3800
2250 2418
2252 311
2252 1123
2252 3289
2253 276
2253 3327
2254 4448
2255 2208
2256 2956
2256 3037
2256 4090
2256 4413
2257 3490
2258 2245
2258 3896
2259 421
2259 2605
2260 1853
2261 3866
2262 1947
2263 1055
2265 1310
2265 1811
2265 1895
2265 2447
2265 3236
2266 1288
2267 861
2267 1142
2267 3489
2267 3639
2268 3169
2269 3543
2270 2042
2271 934
2271 2510
2271 4059
2272 2216
2272 2742
2272 2775
2272 3810
2272 4059
2273 1615
2273 2708
2274 1063
2274 3536
2274 4220
2275 1311
2275 1452
2275 2447
2277 874
2279 1538
2280 26
2280 897
2280 1786
2281 1438
2283 4480
2285 2343
2286 896
2286 2767
2288 829
2288 1526
2289 988
2289 2772
2291 310
2291 1567
2291 2273
2291 3035
2291 3554
2292 522
2293 238
2294 836
2294 1198
2294 1267
2294 3553
2295 1168
2298 1021
2298 1110
2298 1856
2299 2016
2299 3341
2300 2394
2301 3877
2302 2798
2302 2914
2302 4385
2304 1461
2305 1427
2306 2198
2306 3164
2307 3701
2307 4334
2308 1155
2308 1917
2309 2334
2310 3135
2310 4443
2311 1350
2311 1461
2312 399
2312 2065
2313 579
2313 4091
2313 4468
2314 426
2314 619
2314 684
2314 978
2315 3830
2316 2008
2316 3779
2317 1066
2317 3529
2317 3830
2318 1322
2318 3151
2319 3625
2320 171
2320 1808
2320 2282
2320 3131
2320 4111
2322 3177
2322 3770
2323 361
2323 1957
2323 2399
2324 667
2324 2999
2325 217
2326 3191
2326 3947
2329 2556
2333 2005
2333 2678
2334 1661
2335 2453
2335 2719
2336 553
2336 1880
2336 2991
2337 3581
2338 642
2338 2733
2339 2553
2340 2010
2340 3158
2341 2215
2342 1972
2343 1552
2343 3020
2345 1342
2345 2656
2345 4495
2346 1561
2346 4336
2349 2666
2349 3710
2351 1233
2351 4136
2352 1130
2353 208
2353 2716
2353 4436
2354 2220
2354 3397
2355 1169
2355 2787
2355 4177
2356 278
2356 1279
2356 1393
2356 4190
2357 1720
2357 2417
2358 380
2358 2412
2358 2741
2358 3483
2359 3881
2360 1849
2360 2854
2361 682
2361 688
2361 2772
2361 3656
2361 4224
2361 4239
2362 29
2362 1797
2362 2383
2363 843
2364 1135
2364 2093
2364 2972
2364 4089
2366 4190
2367 1271
2367 4022
2368 1045
2368 3011
2368 3634
2370 2755
2372 397
2372 1646
2372 1674
2373 1275
2373 3166
2373 3204
2374 3242
2374 3429
2375 126
2375 2092
2375 3356
2376 2527
2376 3032
2377 4236
2378 4076
2379 2103
2379 4007
2380 341
2380 4312
2381 2537
2382 497
2382 3814
2383 1085
2383 2044
2384 3995
2386 1455
2386 3540
2386 3890
2387 3670
2387 3925
2388 2470
2388 2545
2389 2156
2390 2375
2390 3256
2391 54
2391 4023
2394 688
2394 3667
2395 372
2395 1065
2396 3500
2396 4044
2397 756
2397 1856
2397 1979
2398 164
2399 234
2399 3538
2400 704
2400 847
2400 1410
2400 4307
2401 206
2401 3198
2401 4497
2402 273
2402 4069
2402 4377
2403 1982
2403 3993
2404 3100
2404 4471
2406 1390
2407 3131
2408 1876
2408 4151
2410 1991
2411 375
2411 3404
2413 546
2416 953
2416 4249
2417 1921
2417 4325
2418 267
2418 2786
2419 299
2419 2508
2420 1285
2420 3011
2421 3417
2422 2005
2422 2326
2422 3603
2423 1474
2423 1893
2423 2403
2423 3238
2424 123
2424 1011
2424 1617
2425 34
2425 1477
2425 2570
2425 3036
2425 3364
2425 3403
2425 3969
2426 3126
2428 1618
2431 2903
2432 1116
2433 986
2433 3418
2434 1599
2434 2366
2434 2786
2434 3104
2435 72
2435 1739
2436 2694
2436 2915
2437 648
2438 1139
2439 746
2440 403
2440 3069
2440 3799
2441 760
2441 1191
2442 3295
2444 23
2444 2193
2444 2761
2444 2881
2444 3500
2446 1876
2446 2622
2447 31
2447 2797
2448 1199
2448 2805
2448 3821
2448 4041
2452 270
2452 2591
2452 3201
2452 3254
2453 539
2453 740
2453 1823
2453 2691
2453 3553
2455 811
2455 986
2455 4162
2456 1320
2456 4022
2458 118
2458 2292
2458 4324
2459 532
2460 491
2462 981
2462 1034
2463 1096
2463 2805
2463 4395
2464 262
2464 3588
2464 4499
2465 549
2466 809
2466 4415
2467 708
2467 2211
2468 2087
2468 3544
2469 1717
2469 2402
2469 3030
2470 2457
2471 3482
2472 51
2472 4375
2473 410
2474 868
2474 924
2474 2404
2475 26
2475 2707
2476 570
2476 3362
2477 2544
2477 2740
2478 576
2479 1682
2480 587
2481 3869
2482 1124
2482 2162
2483 1017
2483 1673
2483 2888
2484 814
2484 881
2484 1034
2484 3311
2487 2238
2488 1197
2488 4321
2488 4457
2489 1472
2491 3808
2491 4055
2492 989
2492 1229
2492 3340
2493 525
2493 2165
2493 2233
2493 2491
2494 933
2494 4480
2495 2652
2495 4057
2496 3492
2496 4245
2497 3013
2497 4112
2498 2894
2498 3872
2500 1036
2500 2569
2500 3838
2501 77
2501 556
2501 1288
2501 3131
2501 3334
2502 503
2502 3109
2502 3995
2502 4498
2503 1197
2503 3079
2503 4214
2503 4309
2504 330
2506 404
2506 2165
2506 2411
2506 3659
2507 2119
2509 110
2509 333
2510 832
2511 2556
2513 2770
2514 771
2516 561
2517 663
2517 1954
2518 3984
2519 201
2519 1209
2519 2730
2520 407
2520 3704
2521 2233
2522 1159
2522 2534
2523 1539
2523 3906
2524 403
2524 3646
2524 3693
2524 3706
2525 1853
2525 3144
2526 1460
2526 4379
2527 3962
2529 2530
2531 3368
2531 4421
2532 1352
2532 2367
2532 2544
2533 2659
2534 676
2536 31
2536 982
2536 1279
2536 2093
2537 456
2537 777
2537 2677
2537 3923
2539 2104
2540 4039
2541 284
2541 310
2542 3405
2542 3495
2542 3938
2542 4016
2544 1274
2544 2711
2544 3976
2545 1089
2545 3870
2546 2573
2546 3709
2547 2705
2548 2045
2548 4477
2549 1371
2549 2102
2549 2384
2549 3984
2551 3098
2552 1166
2552 2686
2552 4200
2553 302
2553 2429
2554 1183
2554 1254
2554 3416
2554 3785
2555 2562
2556 1305
2556 2634
2556 3301
2557 1151
2558 873
2560 3485
2563 2354
2563 2737
2563 3880
2564 2996
2565 2496
2565 3573
2567 573
2567 3604
2568 421
2568 1948
2568 2148
2568 4390
2569 2371
2569 2739
2569 2871
2569 4049
2569 4406
2570 4273
2571 816
2571 2163
2571 4451
2573 134
2573 175
2573 2160
2574 1808
2574 2544
2575 42
2575 1826
2575 3058
2576 3181
2576 3616
2576 3850
2577 605
2577 1714
2577 3841
2578 1072
2578 1178
2578 3044
2578 3412
2579 205
2579 4044
2580 1102
2580 2410
2580 2482
2580 3522
2581 3705
2582 4455
2583 1554
2584 3587
2585 1909
2586 3539
2587 1507
2587 2853
2589 716
2590 965
2590 4311
2591 1407
2591 2423
2591 3199
2592 1873
2592 2117
2594 1313
2595 131
2595 1673
2596 1082
2596 4258
2597 2651
2597 3079
2597 4018
2598 384
2598 2855
2599 3545
2600 482
2600 991
2601 676
2601 1525
2601 2923
2601 3923
2601 4121
2602 1370
2602 3811
2603 808
2603 2010
2604 2065
2604 2689
2604 2865
2606 456
2606 1331
2606 1957
2606 3013
2606 3909
2610 2746
2611 565
2611 1551
2611 3015
2611 3898
2611 4347
2612 917
2613 1153
2613 2008
2615 348
2615 3374
2615 4214
2616 2627
2616 4047
2617 4265
2618 2734
2618 3223
2620 1111
2621 1410
2621 1807
2622 445
2622 1042
2622 3500
2622 3962
2623 1279
2623 2476
2623 4310
2624 566
2624 1239
2624 1505
2624 3549
2625 2385
2625 3503
2625 4092
2626 1409
2627 224
2628 617
2628 1272
2629 933
2629 2640
2629 2962
2630 1267
2632 1940
2632 3233
2633 1504
2633 1594
2633 1714
2633 1793
2633 2344
2633 4435
2636 267
2636 3696
2637 483
2637 1801
2638 2244
2639 3321
2640 40
2640 4430
2641 2544
2642 1957
2642 3500
2643 374
2643 527
2643 739
2644 1245
2644 2534
2645 951
2645 1074
2646 3115
2646 3612
2647 1934
2647 4122
2648 1711
2649 3207
2650 3221
2651 13
2651 2199
2652 33
2653 1741
2654 1921
2655 538
2655 1618
2656 984
2656 2336
2656 2631
2657 3127
2658 132
2659 10
2659 1370
2659 1629
2662 2248
2663 473
2663 2136
2663 2490
2663 3853
2664 91
2664 3871
2664 4376
2665 1222
2666 3564
2666 4429
2668 669
2668 1524
2668 1539
2668 3906
2669 1020
2670 3782
2671 648
2671 2354
2671 3448
2672 1204
2674 380
2674 1049
2676 1035
2676 1548
2676 2379
2676 2818
2677 445
2677 771
2677 2917
2678 726
2678 1772
2678 1841
2679 2183
2679 2421
2679 4156
2681 2047
2681 3706
2682 2875
2682 3173
2684 1028
2684 2288
2685 298
2685 1894
2685 3561
2687 1063
2687 3994
2688 1328
2688 4291
2689 1109
2690 3389
2691 419
2691 3943
2691 4113
2694 914
2694 1782
2695 386
2695 1546
2696 1068
2696 1099
2696 2823
2696 2945
2697 3584
2698 406
2699 188
2699 1347
2699 1689
2699 2028
2701 671
2701 1928
2701 3255
2701 4073
2701 4294
2702 1850
2702 2531
2702 3528
2703 2933
2704 188
2704 261
2704 765
2704 1131
2704 2858
2704 3751
2704 4275
2705 1159
2705 2610
2705 2972
2706 776
2706 2764
2706 3325
2706 3578
2707 3070
2707 4120
2707 4476
2708 657
2708 711
2708 1728
2708 2628
2708 2836
2708 4065
2709 641
2709 3481
2709 4172
2710 2854
2713 1663
2714 3997
2715 3611
2716 1100
2716 2865
2717 1459
2717 3595
2717 3636
2717 3953
2718 939
2719 3557
2720 507
2720 2003
2720 3277
2721 3362
2722 2591
2722 3601
2723 3762
2724 2392
2725 3427
2725 3814
2725 4353
2726 2454
2727 250
2729 2808
2731 192
2731 1094
2731 3133
2733 1088
2733 1248
2733 4339
2734 1011
2736 3097
2737 804
2737 1173
2737 1732
2737 2377
2737 3714
2740 1513
2740 1709
2740 1722
2740 2669
2742 576
2743 2343
2744 668
2744 971
2744 1196
2744 2858
2744 4049
2744 4081
2746 373
2746 3966
2747 115
2747 204
2747 293
2747 622
2748 250
2749 276
2749 990
2749 2286
2749 2826
2750 513
2750 1962
2751 713
2751 2419
2752 623
2753 231
2753 1801
2753 4175
2754 296
2755 3873
2756 1500
2756 3778
2757 2913
2758 2383
2759 1393
2759 3061
2761 1461
2761 3625
2762 2216
2762 2477
2762 2937
2762 2952
2763 3209
2763 4134
2764 4192
2765 2279
2765 2442
2766 179
2766 2479
2767 716
2767 4242
2768 50
2768 909
2768 1220
2769 458
2769 3074
2769 4014
2770 1560
2770 3732
2771 504
2771 4374
2772 233
2772 732
2772 1919
2772 2299
2773 3405
2774 175
2775 4189
2777 1396
2777 3854
2777 4104
2778 3984
2779 983
2779 1154
2779 3720
2780 2101
2780 2473
2781 1083
2781 2195
2781 3788
2782 713
2782 2139
2782 3481
2783 2766
2783 3467
2784 3117
2784 4307
2785 2109
2785 3137
2786 1658
2786 2937
2788 2501
2790 3881
2792 235
2792 4236
2793 1762
2794 1289
2794 2311
2794 3859
2796 281
2796 2107
2796 4001
2797 3981
2799 988
2799 2172
2800 494
2801 92
2801 568
2802 1446
2804 2134
2804 3168
2805 2839
2806 3423
2809 126
2809 2869
2810 1454
2810 2415
2811 1533
2813 1344
2813 1603
2813 4146
2814 1328
2814 4469
2815 1997
2815 2922
2816 840
2816 845
2816 3609
2817 3440
2818 1680
2819 13
2819 1236
2819 4042
2820 1292
2820 2120
2821 722
2821 2919
2823 1899
2823 2179
2823 3775
2824 71
2824 2934
2825 1470
2825 1515
2825 2765
2825 3617
2826 1112
2826 1927
2826 3473
2827 1771
2827 3930
2828 16
2828 416
2829 2548
2830 1716
2830 4033
2831 340
2831 1357
2831 2155
2831 2251
2832 1535
2832 1735
2832 2021
2832 2811
2832 3550
2833 2295
2833 3375
2833 3513
2834 2866
2836 828
2837 202
2837 795
2837 2857
2837 4037
2840 1669
2840 4127
2841 2401
2841 3104
2842 1853
2842 2935
2842 3278
2842 4259
2843 435
2844 2399
2844 3038
2846 1056
2846 1805
2846 1989
2847 2665
2847 3473
2848 810
2848 3366
2849 350
2849 1790
2851 532
2853 170
2854 576
2856 2151
2856 3362
2856 3863
2857 115
2857 1486
2858 1272
2858 4218
2860 366
2860 1114
2861 2195
2861 2636
2861 3093
2861 3112
2862 2686
2862 3594
2864 412
2866 271
2866 551
2867 376
2867 468
2867 2968
2867 3796
2867 4218
2867 4400
2868 4003
2869 3116
2872 2549
2873 1123
2873 1908
2873 2411
2873 4415
2874 521
2874 935
2874 1943
2875 125
2875 1218
2876 4153
2877 1478
2877 2617
2877 3197
2878 1643
2878 2182
2878 3714
2878 4059
2879 1786
2879 3230
2880 235
2880 449
2882 2343
2882 2379
2883 2865
2883 3025
2884 2071
2884 2700
2885 290
2886 1861
2886 3609
2888 1328
2889 505
2889 948
2889 1786
2889 3746
2889 4156
2890 3164
2891 2143
2891 2910
2891 4264
2892 3626
2892 3640
2894 255
2894 3915
2895 1585
2896 2778
2897 3032
2897 3465
2898 2663
2899 1309
2899 2471
2899 2576
2899 2762
2900 128
2900 687
2900 2328
2901 1125
2901 4341
2902 3040
2903 149
2903 1354
2904 991
2904 1728
2905 110
2905 1303
2905 2870
2906 848
2906 1342
2906 1361
2906 2118
2906 3918
2907 210
2907 2194
2908 604
2908 1178
2908 1235
2909 4468
2909 4480
2910 2928
2910 3935
2911 1676
2912 219
2912 3065
2912 4223
2912 4257
2913 395
2913 891
2913 4495
2914 1096
2914 2706
2915 565
2915 2005
2915 2926
2915 3140
2917 438
2918 3302
2919 720
2919 1576
2919 3013
2920 2084
2921 3022
2921 3498
2921 3758
2923 1358
2925 338
2926 859
2926 1535
2927 1627
2929 4038
2930 2462
2930 4197
2930 4278
2931 3292
2932 3512
2933 3848
2934 1144
2934 1643
2934 1760
2935 314
2935 4270
2936 2665
2937 588
2939 3444
2940 46
2940 942
2941 2246
2941 4163
2941 4407
2943 154
2943 1065
2943 1171
2943 2143
2943 3818
2944 2676
2944 2763
2944 3869
2944 4295
2945 1290
2945 3016
2945 3461
2946 2993
2946 3024
2946 4335
2947 2960
2947 4141
2948 3341
2948 3997
2950 2357
2950 2787
2952 1646
2952 2562
2953 3637
2954 1331
2955 234
2955 1966
2955 3012
2955 3249
2956 3089
2957 1072
2957 1089
2957 1543
2958 1880
2958 3397
2958 4053
2960 3483
2960 3784
2961 515
2961 1002
2962 4002
2962 4188
2965 960
2966 9
2966 1622
2968 309
2968 622
2968 1496
2968 3579
2969 4286
2969 4423
2971 3711
2972 1022
2972 1817
2972 2778
2972 3270
2973 634
2973 4324
2973 4458
2974 1810
2975 77
2976 1660
2977 143
2977 750
2977 1514
2978 1151
2979 1819
2979 1887
2979 4401
2980 3256
2981 2301
2982 526
2983 4231
2984 1045
2984 1173
2985 2316
2985 3084
2986 2927
2987 2591
2987 2603
2987 3980
2987 4039
2988 609
2988 1422
2988 4025
2989 2545
2992 1318
2992 1490
2992 2701
2993 819
2993 3041
2994 483
2995 217
2995 2068
2995 2774
2996 3723
2997 1995
2997 2707
2998 40
2998 2196
3000 658
3001 676
3001 1133
3002 657
3002 2837
3003 1388
3003 2904
3006 1655
3007 1873
3008 1073
3008 3111
3008 3379
3009 1225
3009 1578
3009 4199
3011 2460
3011 3737
3014 1371
3015 729
3016 321
3016 2501
3017 575
3017 2847
3018 2093
3018 3610
3019 1002
3019 3137
3020 3492
3021 1570
3021 1725
3021 2520
3022 1364
3022 2404
3022 2925
3022 2949
3023 179
3023 869
3023 1909
3023 3265
3023 3419
3024 458
3024 1070
3024 2425
3025 660
3026 515
3027 2430
3028 635
3028 2920
3028 3569
3028 4148
3030 1149
3033 614
3033 638
3033 1918
3033 3628
3033 3878
3034 3456
3035 497
3035 808
3035 2499
3036 3736
3037 576
3037 4082
3039 1461
3039 2734
3039 2845
3039 2920
3039 3188
3039 3499
3040 368
3041 1530
3042 1416
3042 1681
3043 4191
3043 4461
3044 1808
3044 3228
3045 4012
3045 4060
3045 4118
3046 2212
3046 3329
3048 886
3048 2438
3050 2901
3051 164
3052 2193
3052 3452
3053 1177
3053 2347
3054 908
3055 225
3056 560
3056 920
3056 961
3057 1891
3057 3617
3058 820
3058 2050
3059 3049
3060 1451
3060 3550
3063 1728
3064 708
3064 3879
3066 1528
3066 2506
3066 3508
3067 847
3067 1471
3068 1777
3069 2191
3069 3858
3070 743
3071 948
3072 1254
3072 1780
3073 81
3073 747
3073 3308
3074 1326
3074 2454
3074 3259
3074 3925
3074 4032
3076 420
3076 877
3076 1419
3076 1634
3076 2716
3078 3230
3078 4448
3080 3260
3080 3730
3082 995
3082 1194
3082 4449
3083 1446
3084 345
3084 2284
3084 3687
3085 547
3085 666
3086 434
3086 869
3086 2058
3086 2395
3086 4436
3087 2028
3087 3324
3088 3179
3088 4438
3090 1171
3090 3272
3090 3784
3091 399
3091 536
3091 1219
3091 3125
3092 4296
3093 850
3093 4450
3094 1308
3095 1648
3095 2193
3097 1913
3097 2329
3097 3926
3097 4222
3098 1240
3098 3579
3099 1913
3100 3380
3100 4105
3101 2568
3102 3101
3102 3642
3102 4061
3103 1675
3103 3156
3103 4122
3104 351
3104 1530
3105 238
3105 2750
3105 4366
3106 1112
3106 2885
3107 763
3107 856
3107 2929
3107 4392
3108 3620
3108 3877
3109 29
3109 3212
3109 3641
3110 786
3110 2491
3111 619
3112 1818
3114 15
3114 198
3114 4276
3115 1671
3115 2174
3116 1392
3116 3302
3117 1986
3117 3247
3118 1005
3119 757
3119 4413
3120 1055
3120 3595
3120 3841
3120 4353
3121 1301
3122 3725
3123 1135
3123 4278
3124 2057
3126 186
3126 3011
3126 3085
3127 2543
3127 3607
3128 2034
3129 390
3130 731
3130 3052
3130 4047
3131 1423
3131 2526
3132 52
3132 2125
3133 2137
3134 593
3134 896
3134 1998
3134 3291
3135 224
3135 4185
3137 228
3138 588
3138 1184
3138 2451
3138 3955
3138 4212
3139 1088
3139 1192
3140 140
3140 1326
3140 1995
3140 2103
3140 3240
3141 3472
3141 4243
3142 2853
3142 2983
3142 3243
3142 4031
3143 3866
3144 2757
3145 1168
3145 2561
3146 201
3146 486
3146 3536
3146 4135
3147 1054
3147 3210
3149 2115
3149 3573
3149 4235
3150 2571
3150 4185
3151 2275
3151 3189
3152 1913
3152 2239
3153 3938
3153 4241
3154 1124
3154 1493
3154 1769
3154 3501
3155 3023
3156 128
3156 1224
3156 2972
3156 3534
3157 2982
3158 169
3158 553
3159 3982
3160 949
3161 3164
3162 348
3162 746
3162 3774
3163 1314
3163 1379
3163 1495
3164 196
3164 1131
3164 2655
3165 4271
3166 3833
3167 504
3167 661
3168 996
3168 2080
3168 2476
3168 2652
3168 3393
3169 2054
3170 1532
3170 2260
3170 3991
3170 4124
3170 4287
3171 206
3171 2916
3171 3783
3173 50
3173 2060
3173 2106
3174 146
3174 1448
3175 441
3175 3529
3176 4072
3177 2131
3177 2377
3180 1061
3180 1495
3181 159
3182 816
3183 111
3184 2408
3185 2856
3187 2013
3187 2409
3188 265
3188 877
3188 1818
3188 3118
3188 3167
3188 3233
3191 2143
3191 2796
3192 581
3193 496
3193 736
3193 1113
3193 1482
3193 2474
3194 2344
3194 3103
3194 3718
3195 1697
3195 2961
3195 3612
3196 98
3196 430
3196 628
3197 640
3198 2047
3199 1510
3200 967
3200 3153
3200 3954
3200 4002
3201 3124
3201 3468
3202 2235
3202 3179
3203 2241
3203 3498
3205 258
3205 3862
3208 1452
3209 547
3210 3414
3211 851
3211 4080
3212 138
3212 192
3212 774
3212 1615
3214 3511
3215 1331
3215 1911
3215 2578
3216 2882
3217 2000
3217 2118
3217 2608
3218 143
3219 892
3219 1068
3219 1223
3219 2758
3219 3361
3220 1668
3220 2120
3220 3289
3221 2213
3221 2242
3221 3027
3224 2782
3224 3114
3225 14
3225 390
3227 243
3227 482
3227 1382
3227 1412
3227 1605
3227 3469
3228 1873
3228 2004
3228 4034
3229 1655
3229 2542
3229 3220
3230 1897
3230 3962
3231 1023
3231 1229
3231 3321
3232 3796
3234 1999
3234 2316
3235 3997
3236 2710
3236 2955
3239 1735
3239 1858
3240 46
3241 391
3242 131
3242 180
3242 857
3242 1330
3242 1585
3243 1645
3243 2827
3243 3633
3244 708
3244 1355
3244 1549
3244 3873
3245 1139
3245 1412
3245 3273
3246 2865
3247 1395
3247 2039
3248 4334
3249 893
3250 871
3250 4387
3251 2682
3251 3081
3251 3171
3251 3535
3255 3102
3256 1273
3256 2396
3256 3312
3257 177
3257 182
3257 1077
3257 3258
3258 709
3258 4271
3259 180
3260 1685
3260 2557
3261 1332
3262 596
3262 603
3263 3880
3264 1416
3264 3538
3264 3673
3265 1752
3265 3685
3268 1643
3268 2503
3268 2975
3269 3903
3270 1013
3272 1737
3273 1380
3273 1418
3274 480
3274 2194
3275 1394
3275 2483
3277 1718
3277 2101
3278 1427
3278 2918
3278 4382
3279 1803
3280 2142
3280 3815
3282 4136
3284 2163
3289 512
3290 1204
3291 212
3291 3700
3292 3250
3293 597
3293 2756
3293 4106
3294 2518
3295 2066
3297 2457
3298 424
3298 1985
3298 3270
3298 3519
3298 4343
3298 4357
3299 3328
3299 4386
3300 745
3302 1742
3302 2247
3306 733
3306 1552
3307 12
3307 886
3308 1178
3308 2861
3309 243
3309 4043
3310 1
3310 127
3310 1707
3310 3471
3310 4438
3311 1886
3314 694
3314 698
3315 926
3315 3672
3317 1573
3317 1806
3318 2058
3318 2957
3318 4230
3319 3517
3320 1885
3320 4126
3321 3374
3321 4333
3322 359
3322 1769
3323 3974
3324 1467
3324 3068
3324 4402
3325 1386
3325 3160
3326 1014
3326 2672
3328 2080
3328 2255
3328 2712
3329 261
3329 349
3329 613
3329 1356
3329 1788
3329 3060
3329 3753
3330 729
3330 3256
3331 3100
3331 3101
3331 4206
3333 3122
3334 957
3334 2385
3335 3520
3336 3663
3337 1538
3338 185
3338 2596
3339 2957
3339 3731
3339 3907
3340 1620
3340 1923
3342 1890
3342 2639
3342 4066
3343 335
3343 3257
3343 4483
3344 524
3344 1411
3344 1963
3344 4160
3345 2629
3346 2185
3346 4048
3347 951
3347 3024
3347 3625
3348 951
3348 3003
3349 1999
3350 298
3350 459
3350 2402
3351 940
3351 1426
3351 4193
3352 1389
3352 2172
3352 3017
3352 3809
3353 1293
3353 2740
3353 3650
3355 4499
3356 1544
3356 3715
3358 724
3358 4144
3359 182
3359 621
3359 2100
3361 2654
3361 4201
3362 2722
3364 1010
3364 1393
3364 1450
3365 1897
3365 1960
3366 1332
3366 3958
3367 2999
3368 118
3368 346
3368 4263
3369 331
3369 2923
3370 1760
3371 1569
3371 1784
3371 2271
3372 1745
3372 3048
3373 2846
3373 3795
3375 4365
3376 1586
3377 4012
3377 4371
3378 2189
3378 4387
3379 4432
3380 1270
3380 2312
3381 764
3381 4194
3382 3308
3383 1435
3383 2602
3384 3900
3385 1815
3385 2664
3386 1717
3387 4272
3388 513
3388 3873
3388 4242
3390 3005
3391 747
3392 3572
3393 2371
3394 1456
3395 1277
3396 483
3396 1783
3396 3064
3396 4470
3398 55
3398 1022
3398 4036
3399 350
3399 559
3399 1439
3399 2136
3399 3222
3401 1983
3401 3354
3401 3516
3403 381
3404 1269
3404 1965
3405 742
3406 940
3406 1406
3407 294
3407 899
3407 965
3408 498
3408 4407
3410 42
3410 327
3411 185
3411 421
3411 1479
3411 4433
3412 162
3412 916
3413 1489
3413 3848
3414 3363
3414 4231
3415 3639
3415 4291
3416 3421
3417 1981
3417 3369
3417 4477
3418 122
3420 2402
3420 4186
3421 799
3422 2935
3423 123
3423 586
3423 4325
3424 408
3424 3003
3424 3082
3425 3096
3425 3445
3426 925
3426 1864
3426 3510
3430 4433
3431 207
3431 623
3431 3459
3432 221
3432 1735
3432 4158
3434 351
3434 2617
3434 2913
3435 574
3435 1921
3435 2014
3435 3834
3436 1383
3436 1645
3437 1727
3437 3917
3438 1808
3438 3899
3439 321
3439 1312
3439 1890
3439 2733
3439 2759
3439 3815
3440 1616
3440 2888
3441 179
3441 2693
3442 4377
3443 3641
3444 1796
3444 2513
3445 1696
3446 726
3447 972
3447 1406
3448 3837
3449 121
3449 338
3452 3945
3452 4337
3453 445
3453 590
3453 721
3454 3937
3456 1296
3457 1108
3457 1910
3457 2015
3457 3080
3458 303
3458 3647
3458 3950
3459 1257
3459 3823
3460 3428
3460 3939
3460 4435
3461 790
3461 1854
3462 1987
3462 3931
3463 109
3463 594
3463 2573
3463 2998
3464 1826
3464 3277
3466 435
3466 1816
3466 1892
3466 3528
3467 3436
3467 4266
3468 1455
3469 1437
3470 3951
3470 4026
3471 2302
3471 3394
3472 657
3472 807
3472 2369
3473 1662
3473 3731
3474 1343
3474 3747
3477 3741
3477 4196
3479 742
3480 383
3481 726
3482 706
3482 1519
3483 1361
3484 1347
3484 2581
3484 3040
3485 3374
3485 3802
3486 680
3487 2264
3487 3444
3488 2168
3489 1673
3489 2955
3490 1328
3490 1358
3490 2055
3491 2426
3492 451
3492 3393
3492 3555
3492 3751
3493 2469
3493 3722
3493 3923
3494 613
3495 498
3496 1689
3496 1910
3496 2475
3496 2645
3497 3658
3498 1810
3498 2678
3499 1785
3499 1994
3499 2062
3499 3753
3500 1514
3500 1755
3501 741
3501 934
3501 4484
3502 824
3503 1543
3504 2458
3504 3177
3505 1613
3505 2446
3506 4045
3507 968
3507 3359
3508 665
3508 1556
3508 3549
3509 1350
3509 1704
3509 3182
3510 3766
3511 2346
3511 4486
3512 1162
3512 2854
3512 3743
3512 4193
3513 190
3513 539
3514 527
3514 554
3514 2875
3514 3955
3515 3302
3518 1176
3518 2104
3518 4198
3520 905
3521 2127
3521 3026
3521 3476
3522 830
3522 1261
3523 1950
3523 2879
3523 3903
3523 4234
3524 733
3524 1355
3525 189
3526 2055
3527 2495
3529 384
3529 3805
3530 936
3530 1778
3530 2903
3531 1743
3531 3022
3532 1223
3532 3387
3532 3577
3533 2748
3533 3215
3533 3347
3534 532
3534 681
3534 1326
3534 2108
3534 3339
3535 1414
3535 3259
3537 2599
3537 4170
3539 4398
3540 1533
3540 2410
3541 182
3541 3107
3541 3688
3542 1547
3542 2406
3542 3599
3543 3081
3544 3625
3545 1144
3546 968
3548 1594
3548 2105
3549 1832
3550 3206
3551 623
3551 1432
3552 775
3552 785
3552 3870
3553 404
3553 2841
3554 2372
3555 2823
3556 2213
3556 3126
3557 1384
3558 1717
3559 2701
3560 1309
3561 1024
3561 3601
3562 1790
3562 2120
3562 2300
3562 3746
3564 3321
3564 3490
3565 532
3566 3113
3567 344
3567 504
3567 2959
3568 3395
3570 52
3571 2541
3572 287
3572 1332
3573 1450
3573 1698
3573 1708
3574 3596
3574 3910
3575 2912
3575 4229
3576 640
3577 289
3577 4152
3578 442
3578 521
3579 1824
3579 3537
3580 1790
3580 2576
3580 3141
3580 4035
3581 793
3581 4048
3582 1275
3583 1254
3583 3387
3584 141
3584 1971
3584 3636
3584 4044
3585 217
3585 2255
3585 2974
3586 2700
3587 4396
3588 1558
3588 2807
3589 1420
3589 1551
3589 1603
3589 2829
3589 3828
3589 3854
3589 4231
3590 1341
3590 1948
3590 2598
3592 470
3592 4379
3593 79
3593 685
3593 1357
3593 2799
3594 736
3595 1525
3595 2248
3596 1987
3596 2400
3596 3220
3596 3899
3597 1731
3597 4382
3598 796
3598 3807
3598 4142
3599 1660
3599 3008
3601 225
3602 3201
3603 3568
3605 886
3605 1550
3606 2353
3607 2318
3608 831
3608 1059
3608 3868
3608 4088
3610 1327
3610 1354
3610 1577
3611 154
3611 444
3611 693
3612 1465
3612 2545
3613 3562
3614 1612
3615 3997
3616 798
3616 1757
3617 822
3617 2496
3617 4346
3618 1500
3618 2582
3618 3034
3619 2213
3621 32
3621 41
3621 723
3621 1175
3621 4369
3623 58
3623 2609
3624 1453
3624 2404
3624 4347
3625 3772
3626 2040
3626 2456
3627 742
3628 3267
3629 1055
3629 1141
3630 559
3630 3689
3630 4187
3631 1528
3632 1282
3632 2781
3632 3343
3632 3555
3633 4022
3633 4432
3636 1524
3636 3649
3638 4166
3639 1184
3639 2570
3640 298
3640 389
3640 2467
3641 3491
3643 92
3643 1785
3645 3870
3646 2524
3647 3563
3648 741
3648 3871
3649 1842
3649 2127
3649 2865
3650 41
3650 323
3650 1303
3651 65
3651 754
3651 2936
3653 3175
3654 1758
3655 900
3657 2652
3657 4221
3658 441
3658 1681
3659 814
3659 3448
3660 2415
3660 2840
3661 1858
3661 4024
3664 943
3664 2458
3664 3015
3664 3656
3665 1060
3665 2946
3665 4346
3666 421
3666 3230
3669 318
3669 4431
3671 101
3671 1012
3671 2440
3672 787
3672 1519
3674 1711
3675 519
3675 4078
3677 1011
3677 4315
3678 1666
3678 4440
3679 143
3679 623
3679 2330
3680 295
3680 4327
3684 616
3684 2534
3685 982
3685 1544
3686 631
3686 1231
3687 2280
3689 1720
3689 2612
3689 3160
3690 758
3690 3679
3690 3971
3691 482
3691 3096
3692 2588
3694 1904
3694 2222
3694 4223
3696 520
3696 632
3696 1753
3696 3781
3697 3862
3698 4014
3700 743
3701 1309
3701 2083
3701 2609
3701 4265
3703 485
3703 574
3703 2098
3703 2450
3705 1601
3705 4036
3707 3933
3707 4493
3708 2252
3708 3906
3709 2912
3709 3267
3710 1347
3711 101
3711 3437
3712 2759
3713 1017
3714 456
3714 739
3714 974
3714 2040
3714 2080
3714 2578
3715 1368
3715 1916
3717 76
3717 2135
3717 2402
3718 549
3718 1669
3719 3534
3720 2753
3720 3158
3721 710
3721 3445
3721 3841
3722 1982
3723 4463
3724 1922
3724 2795
3726 3625
3727 415
3727 1263
3727 4490
3728 560
3728 2822
3729 2105
3730 896
3730 1217
3730 1868
3731 2964
3731 3248
3731 3727
3733 1497
3734 712
3735 2273
3735 2834
3735 3723
3735 4253
3736 141
3736 1957
3736 3013
3737 4255
3738 858
3739 213
3740 103
3740 713
3740 1323
3741 1127
3741 2345
3742 198
3742 812
3742 4236
3744 1436
3744 3250
3745 2937
3746 838
3746 3896
3746 3989
3746 4456
3747 1154
3747 3478
3747 3599
3748 701
3749 548
3749 2446
3749 3602
3750 329
3750 3941
3751 3418
3751 4482
3753 599
3753 1246
3753 1943
3755 383
3755 872
3755 2161
3755 2981
3757 3738
3758 4057
3761 3165
3762 1469
3762 1522
3762 4113
3763 1410
3763 3588
3764 217
3764 1429
3764 2874
3764 3524
3765 3170
3767 2825
3767 3717
3768 2392
3768 3171
3769 1364
3771 964
3772 2934
3772 3076
3773 493
3773 980
3774 1069
3774 1538
3774 1701
3774 2859
3774 3524
3775 2271
3775 3525
3776 424
3776 634
3777 3989
3778 1605
3778 3864
3779 844
3779 3729
3780 549
3781 271
3781 983
3781 2426
3782 599
3783 516
3783 1364
3783 3454
3784 2727
3784 3011
3784 3578
3785 2700
3786 1259
3786 1932
3786 2521
3786 2705
3787 1948
3788 574
3788 2896
3789 195
3789 1457
3789 2177
3790 3049
3791 261
3791 500
3791 1109
3791 3547
3791 4042
3791 4193
3792 36
3792 2636
3793 592
3793 1931
3794 3888
3795 246
3795 510
3796 703
3796 1672
3797 1696
3797 3559
3797 4169
3797 4412
3798 3086
3799 1081
3799 1666
3799 3937
3799 4243
3800 4475
3801 1221
3801 1950
3801 2177
3802 1415
3802 1457
3802 2365
3803 293
3804 2767
3804 4096
3804 4113
3804 4423
3805 57
3805 624
3805 2349
3806 913
3806 2738
3807 1057
3808 2481
3808 2538
3810 370
3810 4333
3811 533
3811 1247
3811 1891
3811 3314
3812 3603
3813 4035
3814 1203
3815 827
3815 1658
3815 2437
3815 3935
3816 3169
3817 1949
3818 193
3818 2578
3818 4477
3819 1890
3820 369
3820 4087
3822 2329
3823 1629
3824 780
3824 2178
3824 2988
3825 947
3827 2540
3829 2736
3830 1756
3831 2773
3832 393
3832 2226
3834 1570
3835 2124
3835 2862
3836 1408
3836 3712
3837 1634
3838 1043
3838 1309
3840 1281
3840 3524
3841 228
3841 3427
3841 3744
3842 3294
3843 117
3843 3054
3844 191
3844 1577
3845 383
3845 1444
3845 2051
3845 3976
3846 541
3846 2552
3847 2259
3848 4375
3850 2644
3851 1007
3851 2501
3853 1169
3855 1297
3855 1554
3855 4121
3856 714
3856 1392
3856 2542
3856 4200
3857 735
3857 986
3858 4265
3859 730
3859 1599
3859 1912
3860 983
3860 2555
3861 2449
3861 3734
3862 1674
3863 1392
3863 3022
3864 232
3864 3435
3864 3684
3865 1590
3865 2983
3866 913
3867 449
3867 4023
3868 3421
3868 3936
3868 4169
3869 479
3869 2715
3870 4271
3871 3587
3872 637
3872 1389
3872 2917
3873 359
3873 1002
3873 1671
3873 2335
3873 3438
3874 1563
3874 3049
3874 3189
3875 1193
3876 1029
3876 3873
3877 3442
3877 4064
3878 308
3878 1418
3878 2666
3879 2327
3880 582
3880 1959
3881 3419
3881 3772
3883 98
3883 233
3883 346
3883 406
3883 2498
3884 3350
3884 3518
3885 2115
3885 4290
3886 1380
3886 4047
3889 144
3889 2707
3890 3565
3891 1805
3891 2892
3891 3622
3892 994
3892 3241
3892 3328
3894 1077
3894 1285
3894 1910
3894 4092
3894 4151
3895 203
3895 3138
3895 3488
3895 3919
3897 3590
3898 485
3898 2160
3899 523
3899 1019
3899 1192
3899 1314
3899 3376
3900 58
3900 1589
3900 2998
3900 4116
3901 963
3902 1973
3902 3828
3903 4215
3905 2691
3905 2819
3905 4492
3906 10
3906 231
3907 549
3907 639
3907 2804
3908 1680
3910 1659
3910 1784
3910 2046
3910 3737
3910 4224
3912 3145
3912 4087
3912 4429
3913 603
3913 3121
3914 1985
3914 2802
3915 2642
3916 3646
3916 3733
3917 561
3917 1507
3917 3393
3918 2094
3919 1408
3919 4313
3920 964
3923 1020
3923 4449
3924 441
3924 873
3925 2006
3925 4101
3927 1550
3927 4422
3928 734
3928 2045
3928 2161
3928 4438
3929 1822
3930 184
3930 469
3930 1747
3930 1936
3930 2048
3930 3046
3930 3718
3930 4432
3931 969
3931 1987
3932 2792
3932 4045
3934 228
3935 273
3935 2305
3935 3014
3936 43
3936 2113
3936 3034
3937 4031
3938 207
3938 1894
3938 3961
3938 4077
3939 4243
3940 475
3940 671
3940 1727
3940 1899
3940 2317
3941 618
3941 3059
3941 3716
3942 3315
3942 3540
3942 3891
3943 1028
3943 1172
3943 2657
3943 2916
3944 995
3944 1843
3944 1885
3945 15
3945 1024
3945 1528
3945 1713
3945 3401
3945 3719
3946 393
3946 1452
3946 1649
3946 2066
3946 2618
3946 3172
3946 3752
3947 3309
3948 364
3949 775
3949 2176
3951 4301
3952 68
3952 3328
3953 2337
3957 453
3957 2974
3958 220
3959 196
3959 496
3959 870
3959 3373
3959 4341
3960 61
3960 2290
3961 3045
3962 1252
3963 426
3963 1049
3963 3962
3964 2285
3964 2563
3964 4373
3965 2246
3967 2050
3967 3371
3967 3988
3968 1119
3968 3381
3969 4312
3970 865
3970 4350
3971 273
3972 1143
3972 1258
3972 2111
3972 2507
3973 2144
3973 3420
3975 1077
3975 1696
3976 567
3976 2235
3976 3038
3977 652
3977 946
3977 2313
3978 3370
3982 4190
3983 652
3983 1260
3983 3170
3983 3278
3984 4104
3985 553
3985 1263
3985 1580
3985 2465
3985 4355
3986 792
3986 2315
3986 2595
3986 4358
3987 4378
3988 4498
3989 3834
3990 1940
3991 943
3991 1205
3992 2268
3992 2311
3993 3184
3993 3339
3994 3986
3994 3987
3996 1725
3996 3669
3996 4263
3997 1073
3997 2718
3999 3121
3999 4152
4000 2193
4001 3114
4002 2243
4003 686
4003 3177
4004 929
4004 1540
4004 1799
4004 1883
4004 3394
4006 733
4007 382
4007 1225
4007 2232
4008 2977
4009 1467
4009 3977
4011 3433
4011 4243
4012 450
4012 1707
4012 2976
4012 3186
4013 90
4013 1332
4013 2298
4013 4177
4014 2870
4014 4501
4017 674
4017 1577
4017 2376
4017 3332
4018 310
4018 2215
4019 2605
4020 1017
4020 2186
4022 957
4022 1615
4022 3098
4023 896
4023 1190
4023 3381
4024 97
4024 2479
4025 51
4025 1004
4026 659
4026 1334
4026 2963
4027 136
4027 2274
4028 468
4029 3192
4029 3485
4030 2121
4030 2713
4031 1770
4031 3925
4032 1614
4032 2432
4034 2144
4034 3334
4036 1843
4036 4468
4037 2562
4038 4153
4038 4278
4039 1703
4040 1510
4040 2403
4041 4058
4042 899
4042 2528
4042 3539
4043 1206
4043 2724
4044 437
4044 3182
4045 1470
4045 2351
4045 2386
4046 3770
4046 3828
4047 211
4047 1549
4049 1865
4049 2351
4049 2723
4051 377
4052 2417
4052 4270
4053 930
4054 352
4054 386
4054 2191
4055 1088
4055 1569
4056 657
4056 2100
4056 2642
4056 3645
4056 3910
4057 1546
4057 4427
4058 982
4058 1634
4059 1412
4059 2844
4060 1005
4061 509
4061 1924
4061 2061
4061 2724
4061 3946
4062 156
4062 1389
4062 2547
4062 3834
4062 4343
4065 517
4065 3901
4066 3228
4067 2600
4067 3437
4068 2377
4068 3604
4068 3815
4069 2830
4069 3363
4070 709
4071 1425
4071 1867
4071 3939
4071 4070
4071 4263
4073 76
4073 781
4074 987
4074 4114
4075 2490
4075 2961
4076 324
4076 896
4076 1397
4077 15
4077 2331
4077 2701
4077 2739
4078 181
4078 294
4078 4241
4079 959
4079 1782
4080 269
4080 2355
4081 508
4081 2020
4082 471
4082 597
4082 835
4083 4492
4084 414
4084 1043
4085 378
4086 1003
4087 2916
4088 743
4088 1097
4088 2554
4088 2999
4089 1217
4089 1446
4089 1545
4090 572
4090 2179
4090 3980
4091 116
4092 4321
4092 4437
4093 714
4093 1711
4094 2613
4095 164
4095 607
4095 1342
4095 3602
4096 236
4096 4400
4097 2818
4097 3401
4098 324
4098 811
4098 962
4098 2309
4099 2550
4100 700
4100 3508
4101 486
4101 1365
4101 4481
4102 2184
4102 3540
4103 186
4103 405
4103 1867
4103 3832
4104 1514
4104 4292
4105 2684
4105 3400
4105 3826
4106 561
4106 2763
4107 171
4107 1576
4107 3574
4108 295
4108 532
4108 1147
4108 2643
4109 235
4109 1750
4109 1859
4109 3370
4111 806
4111 2628
4111 2918
4112 4
4112 1925
4112 3174
4113 1509
4113 3874
4113 4016
4115 1214
4115 4144
4118 2314
4118 3111
4118 4321
4119 700
4119 1754
4119 1759
4119 4026
4119 4211
4121 2080
4121 4043
4122 836
4122 3232
4122 3644
4123 1302
4123 1962
4123 3556
4124 3029
4124 3388
4124 3982
4125 2177
4126 1328
4126 2568
4126 2600
4126 2636
4127 915
4127 2356
4129 2280
4129 2403
4129 3833
4131 1018
4131 3657
4132 3287
4133 232
4133 657
4134 958
4134 2864
4135 348
4136 1418
4137 1562
4137 2790
4137 2978
4137 3053
4138 2180
4139 1341
4139 3613
4139 4414
4140 1303
4141 1957
4141 2119
4141 2154
4141 4086
4142 3384
4143 1058
4143 1083
4143 1810
4143 2780
4144 2214
4145 1354
4145 4193
4146 531
4146 2062
4147 191
4147 4176
4147 4263
4148 1045
4148 3056
4150 2661
4151 1187
4152 1382
4152 2365
4153 3016
4154 1745
4154 2856
4154 3012
4155 654
4157 1824
4157 2679
4158 523
4158 2483
4158 3332
4159 1417
4159 2211
4160 3240
4160 3333
4161 40
4163 1041
4163 2556
4163 3847
4165 1231
4165 2542
4168 37
4168 3939
4168 4272
4169 2071
4169 2983
4170 1377
4170 3981
4171 924
4171 1793
4172 3185
4173 3665
4174 1009
4174 1388
4175 2700
4177 4081
4178 426
4178 1780
4178 3574
4179 548
4180 1129
4180 2361
4181 1462
4181 1685
4181 1883
4181 4254
4182 958
4182 2812
4182 2841
4183 249
4183 2836
4183 4000
4184 1210
4184 2203
4184 2713
4185 1187
4185 2429
4186 994
4186 4081
4186 4157
4186 4165
4186 4499
4187 3182
4187 3326
4187 4048
4188 1784
4189 1307
4189 4308
4190 2454
4190 3456
4194 994
4194 4482
4195 888
4196 2691
4196 3078
4196 3408
4197 2619
4197 3725
4197 4348
4198 3232
4199 1483
4199 3049
4200 2106
4200 2159
4200 3573
4201 2512
4201 4255
4201 4461
4202 1274
4204 115
4204 1074
4204 3496
4205 3367
4205 3896
4205 4014
4206 577
4206 1049
4206 1669
4207 2925
4207 3504
4208 202
4211 474
4212 945
4212 2817
4213 3122
4213 3211
4216 1501
4217 4372
4218 3352
4219 665
4220 350
4220 896
4220 2261
4221 101
4221 1461
4221 1510
4221 2919
4222 564
4222 1860
4223 390
4223 715
4223 2551
4223 4275
4225 519
4225 1031
4225 3482
4225 4280
4226 227
4226 690
4226 4284
4227 1508
4227 1658
4230 3593
4231 1605
4231 2615
4231 2899
4232 3926
4233 1396
4233 2450
4233 2942
4234 739
4234 1356
4236 931
4237 3
4237 2668
4237 2834
4238 3913
4239 1021
4239 3900
4240 271
4240 607
4240 2746
4241 398
4241 1711
4241 3350
4242 374
4242 1378
4242 1498
4242 1873
4242 2256
4243 3366
4244 2378
4245 762
4245 931
4246 941
4246 1235
4246 4089
4247 515
4247 1818
4248 1705
4248 4183
4249 1366
4250 3502
4251 890
4252 1615
4253 443
4253 2791
4255 3938
4258 3754
4259 1673
4260 453
4260 2418
4261 1335
4261 1629
4261 3009
4261 3335
4263 3973
4263 4081
4264 1090
4264 3174
4264 3843
4264 4020
4265 1983
4265 2632
4266 3576
4267 351
4267 1102
4268 826
4269 1333
4270 479
4270 1759
4271 3132
4272 1931
4273 254
4273 597
4273 3013
4274 2375
4275 2776
4276 2471
4277 86
4277 3082
4278 3074
4278 4306
4279 1001
4279 3349
4280 872
4281 864
4281 2192
4281 2760
4281 2970
4282 2677
4282 3039
4282 3908
4282 4074
4283 2666
4283 3257
4284 4008
4284 4155
4287 166
4287 3063
4288 2895
4288 3295
4290 871
4290 1018
4290 3840
4291 1285
4291 3769
4292 833
4292 1164
4292 4036
4293 2255
4293 3070
4293 3520
4294 520
4294 566
4294 1155
4294 4375
4295 558
4295 645
4295 1132
4295 3238
4296 736
4296 2924
4296 3904
4297 493
4297 1660
4299 767
4299 3775
4300 565
4301 1669
4301 3105
4301 3284
4302 853
4302 2588
4302 2956
4303 1877
4303 2205
4303 3211
4303 3794
4303 3964
4304 3798
4304 3979
4305 777
4305 3223
4305 3610
4305 3920
4306 2968
4307 2770
4309 3740
4309 4345
4310 1479
4310 2620
4310 4214
4311 1807
4311 2999
4311 4038
4312 2884
4313 3089
4314 2983
4315 4157
4316 1031
4317 657
4317 2382
4319 364
4319 4275
4320 2155
4320 3102
4321 536
4321 2345
4321 3161
4321 3182
4322 4265
4322 4493
4323 354
4323 3830
4324 1081
4324 3511
4324 3579
4325 147
4326 291
4326 1455
4326 2715
4326 3578
4327 1552
4327 3061
4328 357
4328 2436
4328 3158
4329 1593
4330 2559
4330 2840
4330 3215
4332 89
4332 1090
4334 1123
4335 3103
4335 3325
4336 65
4337 3085
4337 3375
4340 353
4340 3295
4340 4390
4341 1204
4341 1956
4342 84
4342 331
4342 1807
4343 1568
4343 3614
4343 3792
4344 1180
4344 1435
4344 2899
4345 2947
4345 3206
4346 782
4347 1824
4347 2137
4348 598
4348 1893
4349 4195
4351 807
4351 3113
4351 4075
4351 4184
4352 454
4352 1233
4352 4290
4353 861
4354 628
4354 1344
4354 3542
4354 4005
4354 4457
4355 1893
4356 3290
4357 316
4357 632
4358 108
4358 898
4358 1550
4359 1024
4359 1864
4360 1124
4360 3546
4361 2796
4361 4313
4362 2902
4362 3127
4363 3329
4364 1247
4364 2071
4365 2200
4365 2669
4365 3228
4365 3370
4366 3847
4366 4272
4367 1371
4368 2458
4369 1554
4370 687
4370 1297
4370 1539
4371 810
4371 3783
4372 259
4372 521
4373 3995
4374 2665
4375 1054
4376 1509
4377 829
4377 1367
4377 1839
4378 1415
4379 1238
4379 3751
4379 4117
4381 4371
4382 2348
4383 1281
4383 2979
4385 2843
4385 4320
4386 1841
4386 2558
4387 623
4387 1291
4389 909
4389 4189
4391 364
4391 2982
4391 3079
4391 3241
4391 4258
4392 1801
4393 3713
4394 1255
4394 3026
4395 1893
4397 1083
4397 1557
4398 3039
4399 4318
4400 520
4401 2582
4402 692
4402 1147
4402 1846
4403 286
4404 98
4404 1380
4405 4440
4406 2835
4407 3279
4408 647
4408 1897
4409 2300
4410 762
4410 3034
4411 2641
4412 953
4412 2881
4412 4229
4415 312
4415 402
4415 1002
4415 3124
4417 78
4417 1587
4419 2760
4419 2820
4419 4298
4420 1709
4420 3986
4420 4274
4420 4420
4421 64
4421 931
4421 2443
4421 3722
4422 1635
4422 1784
4422 3431
4423 2723
4423 3521
4423 3905
4425 1363
4425 1502
4425 2613
4425 3326
4426 1195
4426 1477
4426 1949
4426 3307
4428 1206
4429 2780
4429 4435
4430 84
4430 756
4432 835
4432 1542
4432 2284
4432 2474
4432 3339
4432 3713
4433 3246
4433 3565
4434 3837
4434 4128
4435 245
4435 897
4436 3466
4437 28
4437 1530
4437 1705
4437 2383
4437 2472
4438 1525
4439 1343
4439 4369
4440 945
4440 3495
4440 3709
4441 1187
4441 3504
4442 949
4442 3951
4443 1561
4443 2212
4443 2271
4443 2964
4444 799
4444 1139
4444 1471
4444 2484
4444 4470
4445 811
4446 1998
4446 2327
4446 4354
4447 1463
4447 2635
4447 2733
4450 2101
4450 3545
4450 3741
4451 1038
4451 4379
4452 107
4452 1463
4452 2417
4453 1978
4454 617
4455 1315
4456 2166
4456 2639
4457 3431
4457 4111
4458 2174
4458 2650
4458 3431
4459 1371
4459 4161
4460 1221
4460 1533
4460 4059
4462 389
4463 209
4463 1364
4463 4354
4464 2664
4464 4422
4465 4301
4466 2009
4467 3638
4468 1380
4468 2215
4468 3590
4469 110
4469 1237
4469 2926
4470 173
4470 3729
4471 962
4472 272
4472 1326
4472 2478
4472 2755
4472 3218
4472 3242
4473 921
4473 2564
4474 2574
4474 2684
4475 1118
4475 2263
4475 4037
4476 605
4476 2256
4478 1695
4478 2576
4479 1036
4480 415
4481 1110
4481 2198
4481 2252
4481 2496
4481 2535
4481 3554
4482 307
4482 659
4482 1937
4482 4333
4483 82
4483 584
4483 1042
4483 2207
4483 4390
4484 1320
4484 1997
4484 4304
4485 2924
4485 3490
4487 2461
4487 2920
4487 3027
4488 345
4488 1345
4489 773
4489 3879
4490 3573
4491 570
4491 1289
4491 1836
4491 2816
4493 773
4493 2097
4493 3329
4494 779
4494 3268
4495 3435
4496 400
4497 2634
4497 3551
4498 2043
4498 2077
4498 2444
4499 1824
4499 1963
4499 2733
4501 617
4501 1235
4501 1759
