2501
2501
1 1568
4 583
4 1974
6 615
6 1575
7 2031
8 1627
9 127
9 743
11 1870
11 2100
12 2364
15 2408
16 2321
16 2362
17 1120
17 1521
19 1085
19 1282
19 2183
20 2320
22 465
23 49
23 493
23 590
23 1025
23 1292
23 1860
24 242
24 789
25 544
25 2052
26 1893
27 1713
27 2458
29 249
31 91
32 2478
35 2418
37 1322
38 1230
38 2214
39 746
39 897
39 2091
40 1523
41 647
41 1381
42 832
43 1955
44 715
44 1768
44 2159
45 24
45 347
46 1857
48 1065
48 1957
49 950
50 1593
52 452
52 2163
52 2399
55 635
55 963
57 1179
59 37
59 343
61 1226
63 630
65 1924
66 2168
67 1845
67 2194
67 2496
68 1976
69 1786
72 450
72 1125
73 717
73 2349
75 1259
76 1426
76 1778
78 1560
78 1681
78 2389
79 1233
79 1598
83 51
83 1628
83 2311
85 1092
87 2270
88 524
88 2321
89 222
89 429
89 1650
90 742
91 729
91 1115
91 1895
92 58
93 280
94 749
95 78
95 1709
96 1187
97 1255
97 1650
98 25
98 533
100 882
102 169
102 1031
103 1517
106 1077
106 1702
108 604
109 1361
110 543
111 2022
111 2297
113 670
113 855
115 375
115 745
115 2425
117 146
118 729
118 768
118 2471
119 1262
119 1351
120 765
120 2182
121 1457
123 596
124 1275
124 2043
128 2394
130 656
130 2112
131 1431
131 2173
133 1474
134 2427
135 1616
136 136
138 2389
139 798
140 550
140 1954
140 2013
141 386
142 1315
143 471
146 1743
147 2245
147 2250
148 1302
148 2046
151 1194
154 548
155 1634
156 961
158 2458
159 2162
160 1384
160 1793
160 1862
163 333
163 552
163 1804
164 2304
165 2213
167 146
167 1505
168 83
168 1586
168 1823
170 973
172 522
172 683
173 496
173 1255
174 477
174 2170
176 1585
176 2030
176 2215
177 902
177 932
178 52
179 1578
179 1658
180 637
180 1381
180 2173
180 2422
183 767
183 969
183 1529
184 617
187 569
187 2241
188 649
188 766
190 1956
191 281
192 1000
192 1986
193 1622
194 204
198 2191
199 1786
200 212
200 2083
200 2117
201 240
202 309
204 1124
205 48
207 1470
208 336
211 1892
211 2491
214 418
214 1887
214 2033
216 2375
217 2297
220 1195
221 1428
222 705
225 1994
226 245
226 2189
227 123
227 439
227 812
227 942
228 2400
229 82
229 1566
230 1119
231 461
233 1544
233 2431
236 1999
238 730
239 1750
240 2207
242 223
244 244
244 712
246 1867
247 421
247 1368
248 2344
251 867
253 183
253 1110
255 1727
255 2090
256 698
256 857
256 1634
257 1756
261 80
261 2378
263 2088
264 2094
267 2049
268 1188
270 1143
272 1410
273 479
273 517
273 863
273 2478
274 1715
275 397
276 1597
278 1485
278 1847
278 2150
279 1593
280 2181
282 1343
284 1018
287 1718
288 1840
290 51
290 181
292 727
293 458
294 261
296 940
296 1002
296 2216
298 1551
299 1498
301 1486
301 1683
304 648
305 2417
306 1252
307 2096
308 146
308 912
310 173
310 1737
311 2175
312 531
312 1144
313 2220
313 2406
315 1113
315 1207
316 1463
317 2080
321 1094
322 1848
323 559
323 617
323 739
323 1471
323 1671
324 1020
324 1629
324 1695
325 2235
326 1257
326 1321
327 686
329 1683
329 2080
331 1234
332 1147
332 1333
332 2192
333 687
335 1840
336 342
338 1017
338 2217
339 712
341 1359
342 104
342 278
344 1755
349 1092
353 1700
354 711
354 1029
355 868
355 2100
356 478
358 1708
359 2276
360 107
360 839
360 2104
361 1529
362 1366
363 785
366 825
368 42
368 56
369 563
369 660
369 1207
373 1338
373 2217
373 2386
374 2381
377 5
377 549
378 857
379 1835
380 380
380 875
380 1786
381 1767
383 187
385 533
386 618
387 2191
389 895
389 1215
389 1891
392 804
393 45
394 2422
395 39
395 1603
396 621
396 782
396 1919
399 452
399 590
399 1759
401 1092
401 1895
402 1297
403 1737
406 1889
406 2326
409 460
410 533
411 1987
412 1953
412 2240
413 637
417 1057
417 1082
418 231
418 672
419 2289
420 686
420 1883
421 2015
422 1396
423 190
424 986
424 1784
425 1909
427 304
427 598
427 2128
429 363
429 1529
429 2054
430 2267
431 2341
432 666
433 1129
433 1696
438 76
440 1771
442 1578
442 2448
443 1056
443 1391
443 2061
451 348
452 522
454 152
454 1650
455 76
456 2102
458 2020
458 2263
461 1205
464 1001
464 1075
464 2450
466 927
467 1787
468 1907
471 928
472 270
473 2440
474 1045
474 2501
475 807
477 1221
478 2081
480 797
481 214
482 82
483 1238
485 1614
485 2433
485 2439
486 2105
487 2395
489 925
489 1145
490 611
490 2385
491 895
492 1502
493 588
493 882
494 1091
495 149
497 2498
498 344
498 1558
499 149
500 695
500 1146
501 241
501 1608
503 366
504 159
505 972
506 183
506 250
506 1972
508 1683
509 1825
510 2443
512 1886
512 1930
513 387
513 1745
514 602
514 969
517 811
517 2348
519 1602
520 1513
520 1920
521 2195
522 1814
523 1521
524 512
524 1516
525 235
525 1567
525 2180
526 2264
527 2334
531 734
532 619
532 1894
533 270
534 886
535 1167
536 2416
538 1438
538 1558
538 1924
538 2246
538 2297
540 235
542 156
543 1233
543 1748
543 2189
544 109
544 2009
545 471
545 1615
547 1030
547 2020
549 355
549 432
550 2386
553 1832
554 1552
554 1936
556 1
556 248
556 1331
557 318
557 1841
559 1635
559 2246
560 2346
561 1602
561 1757
562 922
565 2230
567 804
570 770
571 2270
572 765
573 169
573 2456
575 1418
575 1456
576 2181
577 1446
580 255
580 1239
584 927
584 1443
588 1464
589 1830
590 610
590 1289
591 579
591 962
591 1133
593 2390
594 15
594 1531
595 268
596 1554
598 1348
599 17
599 1644
601 1041
601 1689
604 1432
604 2013
605 262
606 2359
607 1035
610 1510
611 166
611 1530
611 1769
612 453
612 1359
614 550
615 682
616 565
617 1469
621 113
623 1443
623 2436
623 2438
626 2068
627 2433
628 545
629 317
629 564
631 1399
632 23
632 2051
635 1327
636 1673
636 2069
637 1347
637 1856
637 1933
638 1492
638 2094
639 982
639 1260
640 87
640 569
641 2241
642 1390
643 856
643 1470
644 1787
644 2424
645 407
646 884
646 1394
646 2231
647 1411
647 1953
648 541
650 573
651 86
651 1921
651 2142
652 1304
652 1917
654 2037
654 2159
656 298
657 605
659 343
660 242
660 816
660 981
661 750
662 621
662 1052
663 448
663 526
663 1784
664 2119
664 2397
665 2192
667 197
667 1590
669 383
669 655
669 787
669 934
673 662
675 1825
675 2051
676 141
677 433
677 804
677 2242
678 1576
679 1731
679 2098
679 2369
680 40
680 1005
681 1563
682 410
684 867
684 1970
686 1668
686 1954
687 903
687 1196
689 2190
689 2214
690 760
690 2140
691 925
692 816
692 1485
692 1936
693 602
694 689
695 457
695 897
696 956
696 2183
698 1236
700 2311
701 561
701 2320
702 117
702 2386
703 1966
705 1406
705 1473
707 2124
708 2095
712 1410
712 1763
716 30
716 1417
717 2373
718 118
718 861
719 2183
723 856
724 98
727 2100
730 800
730 1697
730 2059
732 1314
732 1414
732 1717
733 605
734 1959
735 2299
735 2428
736 2100
738 2339
741 157
741 2253
742 327
742 363
742 1968
743 419
743 770
743 1295
745 136
745 1612
745 2271
747 1208
751 74
752 218
752 1554
753 569
753 854
753 1860
754 442
754 570
754 919
754 1003
754 1117
755 1371
756 504
756 993
756 2289
758 197
759 212
759 412
759 463
760 1227
760 1261
761 1449
764 2265
765 1776
766 356
766 987
769 1788
770 682
771 437
772 1145
773 2468
774 1751
775 1216
775 1492
776 895
778 1555
780 1937
782 570
786 1051
786 1826
787 793
788 2371
790 531
790 1769
790 1841
791 410
791 1722
792 894
793 676
795 1186
795 1580
796 116
796 2106
797 1581
799 894
802 964
802 1472
804 1893
806 1243
806 1973
807 250
807 2243
808 224
808 2305
809 2142
810 1219
811 840
811 2198
812 1602
814 1952
814 2139
816 546
817 299
817 1235
818 1429
819 1882
820 83
820 1291
820 1963
822 1780
822 1929
823 1838
824 2258
829 1614
830 2045
832 797
833 124
833 1543
841 1528
842 83
842 379
843 206
843 1289
843 2105
844 2333
845 477
845 742
845 2016
845 2064
848 569
848 769
848 1572
850 124
851 1319
852 1325
853 2321
855 483
855 1454
855 2155
856 1636
857 1149
858 626
858 817
858 1998
860 2179
864 780
865 532
867 560
868 445
868 472
868 2383
870 303
870 1454
870 1672
870 2078
872 1378
874 91
876 272
876 1521
877 893
877 1861
878 2463
882 814
882 980
883 1334
885 1042
886 363
886 1407
887 1238
888 1764
888 2081
888 2439
891 1905
892 806
892 2324
894 1265
894 1841
897 29
897 1768
898 584
900 522
901 1026
901 1490
901 1961
901 2431
902 1022
903 1724
904 1017
907 2349
908 392
908 1389
910 1242
913 2127
914 335
915 855
915 952
915 2319
916 1389
918 110
919 81
920 321
920 469
920 1055
921 803
922 2185
924 1698
926 774
926 840
927 1032
927 2082
928 1642
928 1902
928 2179
929 1720
930 878
931 541
933 2323
934 238
934 2045
935 75
936 1176
937 2352
937 2458
938 1796
939 93
940 1252
940 1832
941 1775
942 635
942 2389
947 316
947 449
947 1986
948 1963
950 435
950 906
952 787
952 842
954 419
954 1039
954 1283
955 1892
955 2038
957 117
957 878
957 1250
959 1873
960 2392
962 69
965 651
965 1656
966 945
966 1206
966 1467
966 1709
967 151
970 313
970 1509
971 1426
971 1857
976 32
976 2376
977 291
978 2306
981 1402
982 852
982 1087
983 298
985 1464
987 2373
989 857
990 2204
994 2264
995 231
998 1396
999 451
999 2044
1001 1217
1003 590
1005 1587
1006 2057
1007 148
1008 1320
1009 1541
1012 1804
1013 178
1013 2190
1014 1710
1015 563
1017 484
1018 549
1019 542
1019 1434
1019 1730
1022 141
1024 2440
1025 1191
1026 1372
1029 911
1029 2423
1030 119
1030 431
1030 695
1032 1283
1035 790
1035 2395
1037 1278
1040 2330
1041 2032
1042 1387
1043 1770
1044 794
1044 1735
1045 397
1045 1246
1046 663
1046 1383
1047 561
1048 1873
1048 2293
1049 1745
1050 86
1050 413
1051 947
1051 1212
1053 1391
1054 378
1058 629
1058 1115
1059 851
1060 1178
1061 378
1061 1648
1061 2174
1062 764
1062 919
1062 1911
1063 488
1064 310
1065 917
1067 707
1067 2272
1068 1801
1069 1117
1072 1744
1074 984
1076 787
1076 2014
1076 2038
1076 2072
1080 1569
1082 872
1083 683
1083 2248
1085 745
1085 1990
1086 2038
1086 2088
1087 1852
1088 1232
1088 2419
1089 2387
1090 1790
1090 2320
1092 433
1094 190
1095 1219
1097 621
1099 743
1099 786
1101 2172
1102 1080
1103 403
1103 2149
1104 351
1107 893
1111 644
1111 1421
1118 860
1119 373
1119 2394
1120 1153
1121 208
1121 959
1123 482
1123 1920
1128 914
1131 5
1132 225
1132 910
1132 1381
1133 1692
1134 1108
1134 1927
1135 295
1135 2388
1137 1798
1139 188
1139 448
1141 515
1143 504
1144 493
1147 1574
1147 2280
1148 1910
1151 1017
1154 1931
1155 1192
1156 1193
1156 1800
1158 2315
1160 1761
1160 2243
1161 254
1162 881
1162 1587
1162 1634
1162 2262
1163 451
1163 2014
1164 448
1169 1669
1169 2382
1170 736
1173 168
1173 877
1173 1921
1174 2157
1179 1928
1181 679
1181 898
1182 1232
1183 1366
1186 779
1186 1394
1186 1895
1188 2286
1189 1299
1190 102
1190 505
1190 1142
1190 2493
1191 2110
1192 195
1193 350
1194 971
1194 2345
1194 2354
1195 461
1195 924
1196 1420
1197 1228
1199 22
1199 485
1200 676
1200 1025
1203 1592
1204 890
1204 1342
1204 1457
1204 2166
1206 2123
1206 2406
1208 1835
1211 810
1215 45
1215 1880
1215 2157
1216 773
1217 774
1218 1739
1220 1105
1221 1340
1222 456
1222 1446
1224 2348
1225 2391
1226 799
1226 1733
1228 1006
1230 628
1230 1662
1232 997
1235 333
1235 1175
1237 1929
1239 1258
1241 117
1241 1810
1242 1628
1243 1056
1245 1894
1247 462
1248 492
1248 826
1248 1431
1249 548
1250 171
1250 610
1251 58
1251 1943
1254 110
1255 326
1255 1931
1256 1908
1258 452
1260 2050
1262 1234
1262 1694
1263 1284
1265 150
1266 1892
1266 2298
1267 2395
1268 2399
1269 125
1269 1259
1270 1716
1271 603
1271 1049
1271 2160
1272 558
1272 952
1272 1536
1272 2361
1273 582
1273 1010
1274 203
1274 400
1275 1992
1276 114
1277 887
1277 1386
1278 70
1281 2384
1283 1134
1284 1831
1285 339
1285 2371
1286 986
1286 1699
1287 676
1287 1744
1287 2410
1288 43
1288 730
1289 333
1289 1234
1291 492
1292 2116
1293 363
1294 2281
1295 263
1296 610
1297 1894
1298 1284
1300 546
1301 2122
1302 618
1302 2106
1302 2137
1303 41
1304 1070
1305 940
1306 1992
1307 1403
1307 1497
1309 41
1309 1246
1309 1538
1309 1892
1310 1447
1311 101
1312 1241
1313 1851
1313 2139
1315 1118
1318 1043
1319 1454
1319 1849
1319 2138
1320 731
1321 2105
1323 937
1324 1434
1325 967
1325 991
1326 343
1327 1599
1330 1838
1331 2461
1332 816
1333 18
1333 1154
1333 1328
1334 1071
1335 2440
1336 1855
1337 2121
1338 1070
1341 435
1344 1113
1344 1541
1344 1852
1350 600
1350 2048
1351 727
1352 2053
1353 1137
1355 2096
1356 2313
1357 144
1357 1854
1358 610
1359 616
1359 1046
1359 1335
1360 622
1360 1826
1361 942
1361 959
1361 2239
1362 1650
1362 2161
1363 1848
1364 1666
1364 2228
1367 489
1367 740
1367 1310
1369 1253
1371 1220
1371 1361
1372 1022
1374 1076
1375 2014
1375 2130
1376 1561
1376 1676
1376 2361
1377 894
1379 553
1379 990
1379 1821
1380 37
1380 1359
1380 1492
1381 144
1381 495
1381 1076
1384 19
1387 742
1387 850
1388 779
1388 1299
1388 1513
1389 725
1390 1211
1391 1960
1392 2399
1396 378
1396 1292
1396 2430
1398 1539
1399 688
1400 725
1403 268
1404 465
1404 494
1405 783
1405 1120
1406 1179
1406 1254
1407 304
1410 2181
1411 2226
1412 894
1413 1684
1414 1244
1415 1079
1415 1138
1415 1161
1416 1358
1416 2282
1417 225
1417 509
1417 1349
1419 1373
1419 1925
1419 2225
1421 447
1422 1407
1423 2405
1424 232
1425 15
1427 189
1427 1458
1428 869
1428 873
1428 1333
1428 2065
1430 297
1431 294
1434 769
1434 1030
1434 1657
1436 422
1438 410
1438 1416
1439 1594
1440 271
1440 1840
1440 2140
1441 180
1441 1833
1443 147
1443 208
1443 545
1443 2183
1444 629
1444 1233
1447 1217
1448 2345
1449 1443
1451 42
1452 733
1452 1492
1452 2244
1453 333
1453 1218
1454 2375
1455 335
1455 728
1455 1599
1455 1734
1457 1332
1458 2343
1459 244
1460 652
1460 821
1460 1000
1461 757
1461 2230
1463 1516
1467 431
1467 1882
1467 2099
1470 974
1470 1409
1471 2006
1472 7
1472 2228
1474 1152
1475 904
1476 66
1476 491
1477 906
1478 2081
1479 109
1482 241
1482 339
1485 98
1485 2154
1486 390
1487 1454
1488 2004
1488 2270
1490 1535
1493 811
1493 1393
1493 1551
1494 41
1494 743
1496 768
1498 68
1498 2491
1499 1529
1501 733
1502 855
1502 1432
1503 1694
1503 2300
1504 1841
1506 991
1506 1202
1507 714
1507 2216
1509 795
1510 1043
1510 2464
1513 1263
1513 2107
1515 1460
1516 120
1517 2086
1518 1211
1518 2253
1519 580
1519 2052
1521 682
1522 629
1522 1432
1522 1555
1522 2442
1523 1474
1527 117
1530 1528
1530 2269
1532 2147
1533 228
1533 1135
1534 1939
1535 171
1536 1218
1536 2155
1537 1273
1538 1253
1538 1997
1539 97
1539 971
1540 531
1540 826
1541 1659
1544 1656
1546 960
1547 214
1547 2064
1547 2071
1548 1164
1549 555
1549 2404
1550 1699
1553 783
1554 169
1556 132
1556 992
1557 838
1557 1949
1559 157
1559 1010
1559 1829
1560 191
1560 1039
1562 640
1562 1262
1562 2428
1563 497
1565 1563
1566 2448
1567 2464
1569 931
1569 1276
1570 2096
1572 717
1572 1511
1573 6
1573 1476
1573 2057
1574 463
1575 1639
1577 276
1577 400
1579 547
1581 1146
1582 748
1584 2478
1586 296
1586 2350
1587 35
1587 75
1587 1073
1587 1193
1591 931
1592 658
1593 1772
1594 726
1597 770
1597 2484
1599 1346
1600 2094
1601 136
1601 351
1602 1973
1604 277
1605 16
1606 1404
1606 2387
1608 1231
1608 2250
1610 333
1610 342
1610 2249
1611 2427
1612 1128
1616 996
1616 1019
1618 796
1618 1231
1620 1764
1621 218
1622 883
1622 1243
1622 1307
1623 1085
1623 1373
1627 1821
1628 296
1630 114
1630 829
1630 1356
1631 390
1632 1928
1632 1963
1634 800
1634 2497
1637 665
1638 643
1638 1552
1638 2500
1639 1161
1640 736
1642 2327
1645 2153
1645 2315
1646 994
1647 1739
1648 2459
1649 2039
1650 1440
1652 702
1653 2324
1654 1632
1657 1804
1658 2211
1659 335
1659 1420
1661 1847
1661 2357
1662 2339
1663 1400
1669 1024
1670 2351
1675 1643
1675 2293
1676 524
1679 1100
1679 2139
1680 1854
1681 1530
1681 2431
1682 1282
1682 2137
1683 1277
1687 1465
1687 2149
1688 134
1689 484
1689 1337
1692 1004
1692 1331
1692 2171
1693 256
1693 1262
1694 358
1694 2423
1695 2011
1696 931
1697 70
1697 2117
1698 2181
1699 191
1699 679
1699 905
1699 1806
1699 2178
1700 496
1700 2270
1701 1093
1703 2402
1704 1105
1706 2494
1707 1105
1709 822
1712 377
1712 516
1713 1758
1715 1980
1717 110
1717 1256
1720 1245
1720 1852
1722 534
1722 915
1723 280
1723 506
1724 266
1724 1300
1727 1923
1728 1858
1728 2112
1732 77
1732 544
1732 1341
1734 1893
1735 866
1736 2068
1737 336
1737 1704
1737 1798
1738 2469
1739 584
1740 2415
1741 2229
1742 738
1742 1071
1746 30
1747 265
1747 2161
1748 121
1748 1191
1749 1347
1753 1262
1754 1431
1755 843
1755 1383
1755 1424
1756 1055
1759 1111
1760 1208
1761 609
1762 1378
1763 2130
1764 580
1764 1521
1764 1928
1765 851
1765 1403
1766 593
1766 736
1766 883
1766 1211
1767 2501
1768 2319
1768 2326
1769 1609
1771 2468
1772 242
1772 603
1772 1857
1774 758
1774 1947
1774 1982
1774 2491
1775 1491
1776 1739
1777 1977
1779 2462
1782 1292
1784 126
1784 2152
1785 1401
1785 2108
1786 1418
1787 1343
1789 938
1790 49
1791 2297
1793 2420
1794 19
1795 590
1795 1633
1797 275
1799 28
1800 531
1801 1294
1802 794
1802 1233
1802 1333
1805 1963
1806 300
1806 748
1807 880
1807 1502
1809 889
1811 950
1811 2486
1812 341
1812 1510
1812 1765
1812 2259
1813 316
1813 435
1814 1860
1814 2272
1815 1361
1816 2162
1817 474
1817 2336
1818 2130
1819 2070
1821 1581
1821 2407
1823 1143
1824 2
1824 1390
1825 1058
1825 1320
1825 1788
1827 634
1827 2390
1828 404
1829 615
1829 1589
1829 1830
1830 867
1830 1433
1831 466
1831 714
1831 936
1832 323
1832 2236
1835 1309
1835 1589
1837 330
1837 1816
1838 11
1838 879
1838 1409
1838 2147
1841 346
1843 110
1843 702
1844 14
1844 902
1844 977
1846 1307
1846 2130
1848 328
1848 407
1848 1268
1849 1270
1849 1565
1851 1373
1852 751
1853 196
1853 1276
1855 63
1856 60
1856 497
1856 983
1858 2289
1860 2376
1863 1586
1863 2372
1864 706
1865 1768
1870 1780
1870 2475
1871 1723
1872 336
1873 1418
1874 727
1874 1931
1875 1299
1875 2054
1876 1716
1876 2324
1878 567
1880 2232
1881 761
1881 2280
1883 654
1888 309
1890 1848
1890 2438
1891 1264
1891 2178
1893 463
1894 1522
1895 1922
1896 2318
1897 293
1897 2445
1898 749
1898 930
1899 571
1900 434
1901 1215
1902 2283
1903 442
1904 2289
1905 1940
1906 959
1908 1875
1909 579
1909 2216
1910 1248
1910 1399
1911 485
1912 1398
1914 2289
1915 1169
1917 1395
1917 1523
1921 2161
1921 2170
1923 1391
1924 106
1925 597
1927 566
1928 772
1929 645
1930 64
1933 528
1933 1299
1934 1211
1935 1396
1936 855
1937 1792
1939 9
1945 311
1945 836
1946 1172
1947 527
1947 2166
1949 2154
1951 317
1952 1391
1953 521
1955 1075
1955 2068
1956 104
1956 2017
1957 328
1958 1369
1958 1775
1960 750
1960 772
1960 945
1960 2261
1962 597
1965 2352
1966 2053
1967 570
1968 1069
1972 1474
1973 1139
1973 2099
1974 2173
1975 276
1975 331
1976 60
1976 1057
1976 1345
1976 1518
1978 2073
1980 1984
1983 73
1983 641
1983 840
1983 1138
1985 531
1985 2393
1987 45
1987 1335
1988 283
1989 2330
1993 1040
1993 1826
1994 144
1994 2012
1996 1499
1996 2441
1999 40
1999 1423
2001 1390
2002 2078
2002 2122
2003 198
2006 100
2006 2363
2010 699
2010 1603
2010 2227
2012 1320
2013 528
2013 628
2013 1072
2013 1416
2016 301
2016 2341
2018 715
2019 1157
2020 887
2021 622
2023 195
2023 1527
2026 2217
2027 1023
2028 351
2028 2403
2030 2406
2032 581
2032 1675
2034 898
2034 1733
2035 2123
2037 531
2038 510
2041 917
2041 1365
2045 1407
2046 790
2046 2457
2047 2080
2049 2269
2050 488
2052 586
2052 2406
2054 475
2054 694
2056 180
2057 1006
2060 895
2060 1523
2060 1632
2060 1762
2061 337
2062 1964
2062 1969
2065 2110
2065 2431
2066 1633
2067 919
2067 1609
2069 1117
2071 865
2071 1375
2072 248
2074 2342
2077 1584
2077 2231
2079 1338
2080 966
2081 1176
2083 175
2085 2370
2086 265
2086 2322
2088 1054
2088 1233
2088 1629
2088 2136
2090 776
2094 1921
2096 1876
2098 32
2098 301
2098 2403
2100 737
2100 2110
2101 398
2101 619
2101 1363
2102 1332
2103 1938
2103 2423
2104 1262
2105 1440
2106 139
2106 940
2107 1824
2108 2357
2110 1412
2111 471
2114 1603
2114 2011
2115 1978
2117 2427
2118 1935
2119 814
2120 129
2120 961
2120 2444
2122 2156
2123 87
2124 590
2124 1264
2126 17
2126 901
2126 944
2126 1770
2126 1912
2128 810
2130 652
2130 713
2131 82
2131 2435
2132 718
2132 2052
2133 560
2133 2347
2136 1826
2136 2119
2138 1533
2138 1894
2139 147
2140 812
2141 2076
2144 1947
2145 1246
2145 1361
2147 1470
2149 1064
2150 1846
2151 657
2152 1406
2152 2340
2153 5
2153 1258
2153 1551
2153 2427
2155 1374
2156 642
2157 1999
2158 647
2159 572
2159 1987
2160 1661
2161 507
2161 1111
2163 1561
2166 1421
2167 2146
2167 2308
2171 625
2171 2360
2172 629
2172 1486
2173 1069
2173 1776
2173 1903
2175 490
2176 467
2176 2394
2177 2337
2180 1271
2182 1407
2182 1872
2183 1404
2183 1959
2184 639
2186 1182
2187 1678
2189 453
2189 1187
2189 2452
2191 1004
2191 1123
2193 1939
2195 916
2196 1741
2199 2119
2201 324
2202 2287
2206 1042
2207 1290
2207 1755
2209 2235
2210 1419
2211 1002
2214 682
2215 239
2215 494
2216 1814
2216 2155
2217 1885
2219 136
2219 831
2221 1315
2223 1356
2223 1699
2224 37
2224 1208
2226 1092
2227 1812
2228 1737
2230 470
2230 1269
2231 1487
2232 1197
2234 772
2234 1480
2235 1991
2236 2275
2237 1048
2243 262
2244 198
2244 586
2244 1400
2245 172
2245 2373
2246 2314
2247 2431
2248 810
2248 1884
2250 787
2250 1114
2250 1640
2251 1897
2253 90
2253 1900
2254 1187
2254 1321
2254 2202
2255 146
2256 34
2256 1531
2257 494
2260 2375
2261 1388
2263 326
2263 864
2264 1396
2266 1632
2269 514
2271 369
2271 1908
2273 514
2273 1946
2275 1322
2275 1868
2276 267
2276 525
2278 1796
2279 186
2279 208
2279 2258
2282 307
2282 2308
2283 839
2283 2021
2283 2188
2284 515
2286 1924
2287 631
2288 493
2288 1684
2292 441
2293 2122
2298 1249
2299 1286
2300 2421
2301 292
2302 871
2303 266
2303 1890
2303 1896
2304 437
2304 1668
2306 317
2306 329
2306 1906
2307 821
2307 1328
2308 1940
2311 139
2311 1158
2311 2039
2312 28
2312 146
2312 1234
2313 526
2313 630
2314 2123
2317 1299
2319 703
2320 265
2321 234
2322 2200
2323 862
2324 1599
2325 380
2326 2280
2327 2035
2329 752
2329 2211
2330 2160
2333 2306
2333 2484
2336 634
2336 883
2336 1680
2336 2494
2337 1987
2338 968
2338 2420
2340 498
2341 445
2341 854
2341 1647
2342 502
2343 123
2343 1484
2345 1568
2345 1930
2346 331
2349 17
2349 1973
2350 914
2351 627
2351 2060
2352 363
2352 498
2353 334
2353 1403
2354 1255
2354 1975
2355 127
2355 971
2359 476
2359 2254
2359 2392
2360 833
2360 1308
2361 124
2361 1961
2362 1619
2363 1930
2364 212
2366 1544
2366 2118
2366 2275
2366 2345
2369 599
2370 1264
2370 1526
2371 1821
2372 553
2372 1872
2373 1860
2377 438
2378 129
2378 1190
2378 1486
2383 763
2384 1064
2384 2104
2385 563
2385 2279
2386 399
2386 453
2387 2501
2390 1826
2390 2137
2391 2492
2393 1451
2394 2298
2395 1822
2396 562
2398 2112
2398 2240
2399 597
2399 1439
2401 449
2401 2042
2401 2410
2402 585
2402 1402
2403 1400
2405 1845
2406 772
2407 449
2409 1612
2409 2020
2409 2132
2410 2417
2413 31
2413 370
2413 1292
2414 1371
2414 2242
2416 614
2418 1559
2423 892
2423 1612
2427 523
2428 1264
2430 1148
2430 1185
2430 1918
2431 2020
2432 1497
2433 209
2433 2430
2434 901
2435 305
2436 464
2437 1906
2439 1445
2439 1971
2439 2444
2440 535
2440 2287
2441 2119
2442 564
2443 303
2444 1493
2445 154
2445 355
2445 1348
2446 213
2448 1206
2451 1468
2451 1752
2452 2372
2452 2501
2454 150
2454 1643
2454 1850
2456 1639
2456 2168
2457 1761
2457 2461
2459 7
2459 356
2459 1777
2459 1844
2460 1551
2460 1902
2461 1577
2462 1107
2463 2192
2464 2109
2465 491
2465 949
2467 1690
2468 1113
2469 599
2469 1664
2469 1683
2470 646
2473 284
2473 2353
2474 209
2474 1523
2475 206
2475 2409
2476 108
2477 1714
2478 1230
2478 2395
2479 2009
2480 1207
2482 1849
2486 1598
2487 2122
2487 2352
2488 25
2490 92
2490 1735
2493 517
2493 1340
2493 1645
2495 427
2495 2350
2497 954
2497 1028
2498 2194
2500 705
