501
100
3 99
3 313
4 341
9 166
12 232
18 154
31 118
34 186
39 290
40 219
40 282
45 265
45 434
47 50
47 456
48 370
50 45
51 435
52 79
52 414
54 50
66 319
68 6
68 385
79 224
80 455
84 281
85 32
90 72
90 238
91 299
104 387
110 239
113 382
128 472
160 294
163 95
166 11
166 265
168 350
168 353
177 385
179 468
183 383
189 238
190 41
190 230
190 264
194 276
201 435
209 441
217 101
218 165
230 470
232 325
234 207
235 442
242 10
246 295
248 331
262 45
262 198
265 337
274 56
275 432
289 208
289 432
290 298
309 185
312 421
316 88
323 195
332 318
339 202
347 268
366 95
366 417
380 16
391 257
393 26
395 397
395 498
408 424
431 462
436 495
439 51
449 283
449 284
453 243
461 353
462 308
466 244
469 138
472 181
478 446
479 479
487 72
489 29
498 151
499 20
