1501
901
2 413
2 454
12 173
12 532
15 430
15 1013
17 1490
18 701
20 478
24 1088
25 145
25 611
27 907
28 401
28 571
29 49
29 67
34 501
36 313
40 105
42 545
44 66
46 779
50 194
51 971
52 319
53 1422
54 264
63 1148
68 423
70 1051
71 750
72 67
72 467
72 705
72 893
73 659
77 1131
78 781
81 179
82 245
83 458
83 1238
84 1018
92 857
93 514
93 625
94 784
94 1234
96 455
100 759
101 324
101 516
103 541
103 1006
105 263
105 751
108 177
108 493
108 761
109 1042
110 739
112 133
114 695
114 711
121 994
122 146
124 781
125 83
127 469
131 252
131 1275
131 1377
135 1091
136 552
136 845
140 1481
147 461
149 515
151 274
151 444
151 767
154 592
155 904
156 663
159 114
159 1055
162 1262
163 692
165 599
169 1463
171 118
171 602
176 764
177 1248
177 1362
178 253
179 668
181 1441
183 40
183 1002
184 1393
184 1419
186 821
186 1065
187 584
187 610
188 816
193 186
194 1093
199 1155
200 445
200 989
202 19
202 1388
202 1438
203 1349
204 256
204 1084
205 48
208 761
209 1247
211 602
213 993
213 1308
215 1130
220 287
220 1315
222 424
222 762
222 974
223 819
224 1422
225 91
227 402
230 671
231 708
232 1019
232 1102
234 613
236 63
237 69
237 629
237 967
240 673
240 1495
242 373
243 737
246 29
248 676
252 433
253 890
255 734
257 232
263 113
268 1200
269 401
269 752
269 1272
270 858
272 232
273 137
273 1341
277 468
277 944
280 257
280 1447
283 1340
284 20
287 48
287 1035
290 330
294 36
295 883
299 44
300 490
302 1244
304 211
304 988
304 1261
305 573
309 791
310 76
310 1292
316 601
321 1426
322 151
324 216
325 95
327 1394
328 643
328 1051
329 1325
330 573
330 629
330 1227
330 1374
335 538
335 792
336 36
336 64
336 73
337 1286
339 723
343 658
350 297
351 1360
353 550
356 36
359 79
361 964
362 222
362 1145
363 268
367 791
367 808
368 391
370 261
372 690
374 612
375 597
376 1433
377 404
384 31
386 469
392 1012
394 791
402 134
403 21
407 1069
408 910
409 1037
414 819
415 625
417 541
419 848
419 964
422 657
424 13
425 1305
428 381
428 563
428 742
428 1355
430 971
430 1123
432 349
432 794
434 421
435 757
436 137
437 664
439 250
442 249
442 684
443 564
444 575
445 197
446 1132
450 948
453 33
454 11
455 1361
457 1236
458 478
459 1029
460 80
460 795
461 123
466 352
466 871
469 1486
470 248
474 942
474 1074
475 413
478 742
480 163
482 492
483 325
484 56
484 844
486 1107
487 881
487 1380
487 1403
488 1125
489 556
490 521
491 608
492 129
492 1216
492 1377
496 254
498 1173
498 1440
499 316
499 417
499 761
500 300
501 807
502 579
505 540
505 939
507 736
508 917
509 925
511 1010
512 787
512 1333
514 60
517 114
517 276
522 154
523 640
523 883
528 23
528 202
528 788
531 282
532 663
532 739
532 1495
537 1470
542 467
543 138
545 974
545 1056
545 1284
547 255
548 170
548 495
548 1137
549 200
552 1089
555 625
560 1203
561 846
562 264
564 827
565 512
569 77
574 58
574 365
577 1119
580 304
581 909
582 1213
583 540
589 197
589 663
591 1438
593 922
594 778
595 614
596 714
596 852
596 1236
597 190
598 255
599 1298
599 1491
600 722
601 1493
604 109
604 986
606 120
607 371
608 182
610 918
612 967
618 831
621 479
621 1421
622 80
623 718
624 267
626 672
627 335
629 1347
630 513
630 778
632 1403
636 1264
638 1084
640 115
641 205
645 118
646 548
650 599
652 385
652 1109
654 616
655 701
658 271
659 1417
663 487
665 247
665 425
666 34
668 48
669 42
669 1122
673 732
678 1391
679 63
681 643
681 1195
682 1067
682 1419
683 1251
685 461
685 542
689 602
690 1002
691 223
691 479
691 573
691 802
691 1130
691 1447
693 119
693 1500
694 1138
694 1350
694 1417
696 55
699 896
704 1181
705 614
705 730
707 1132
708 1185
709 886
710 1298
713 510
713 1283
717 868
718 1303
719 612
720 391
720 1014
721 397
722 1025
725 821
726 886
727 506
729 317
733 1417
737 209
737 901
744 64
747 1361
748 300
748 877
748 978
750 509
750 876
750 1182
752 1121
754 761
755 494
755 824
757 625
758 684
763 736
766 884
766 955
768 11
770 602
772 702
772 821
774 320
774 726
774 883
776 953
777 127
783 651
783 968
787 641
788 932
788 1063
795 483
803 11
803 1365
804 976
805 589
805 1088
805 1409
809 1185
810 662
814 594
824 16
824 349
827 660
828 844
828 998
832 699
834 320
836 35
838 486
839 834
839 866
844 755
847 1251
848 697
849 656
849 1437
850 621
855 368
855 541
856 957
856 1140
858 963
862 1096
863 1264
865 861
866 23
866 594
868 1373
871 1250
875 1208
876 1325
878 1084
879 600
880 1
883 718
884 1023
886 23
888 693
891 280
891 286
893 633
895 113
898 260
899 399
900 825
903 628
908 469
908 1351
909 1142
910 569
912 1090
912 1258
913 236
913 930
913 1460
914 598
914 1021
915 472
915 1095
916 1172
918 262
919 1395
920 819
921 716
921 1328
923 467
923 755
924 1368
924 1477
928 1348
931 671
931 863
932 395
932 1162
936 372
937 58
938 303
938 1487
940 281
940 1232
941 1150
942 31
943 894
949 626
949 1418
951 6
951 1130
953 1252
957 1164
958 788
960 351
964 1115
965 1427
966 868
967 444
967 1009
970 139
970 1267
971 688
971 1233
973 1104
977 103
979 1429
981 1218
981 1365
984 503
984 546
986 1170
988 683
988 1084
990 4
990 992
993 100
993 1369
994 542
998 1161
998 1463
999 944
1004 779
1005 407
1006 607
1006 1187
1007 1127
1008 833
1017 552
1017 1144
1018 722
1021 501
1021 1266
1022 234
1023 542
1024 474
1024 1434
1025 63
1027 96
1029 477
1035 1063
1035 1449
1038 1254
1040 1135
1041 689
1044 1343
1045 1484
1046 437
1046 1009
1046 1346
1050 673
1051 1063
1053 233
1055 710
1056 214
1060 936
1060 1174
1062 1018
1064 1386
1069 175
1071 1313
1072 472
1076 532
1076 1037
1083 110
1086 531
1086 1435
1092 259
1092 1360
1092 1385
1095 771
1095 1171
1096 1074
1096 1092
1105 1126
1107 785
1114 935
1115 66
1115 1058
1118 170
1118 544
1118 673
1119 756
1120 1279
1122 1102
1123 197
1123 658
1127 23
1132 1420
1132 1475
1137 1039
1138 831
1140 1337
1143 115
1147 566
1148 867
1148 1124
1148 1230
1151 653
1152 1420
1154 777
1154 1348
1157 613
1158 759
1160 846
1160 939
1161 480
1162 37
1162 156
1163 1255
1164 344
1164 504
1164 1161
1165 330
1177 641
1177 1016
1180 461
1182 1289
1183 49
1183 1087
1186 521
1186 869
1186 1102
1189 377
1189 970
1191 1022
1198 907
1198 939
1200 491
1206 207
1206 797
1209 1292
1212 500
1212 984
1214 297
1214 404
1216 531
1218 526
1219 1358
1220 136
1220 416
1220 1285
1221 1041
1221 1347
1222 913
1222 1225
1226 73
1226 1044
1228 162
1228 1314
1228 1471
1230 492
1230 633
1231 1297
1232 86
1232 1181
1233 923
1233 1351
1236 944
1236 1324
1238 377
1241 1259
1242 1235
1244 200
1249 73
1249 261
1249 1015
1249 1351
1251 716
1253 191
1254 937
1254 1060
1255 1352
1256 1427
1257 629
1257 868
1259 1363
1260 657
1265 781
1266 1311
1274 1454
1276 731
1277 431
1278 12
1278 363
1279 1161
1282 31
1282 429
1283 627
1284 353
1285 355
1289 114
1292 31
1292 96
1293 1128
1295 656
1296 1193
1298 400
1301 164
1304 664
1304 1188
1305 92
1305 960
1306 1444
1307 993
1308 563
1308 1196
1311 902
1312 198
1312 1020
1316 1315
1318 705
1319 9
1320 343
1322 343
1324 1225
1326 105
1327 1453
1328 412
1330 1388
1331 828
1331 992
1333 227
1334 851
1335 196
1339 448
1341 1360
1342 705
1342 836
1342 1216
1343 1226
1344 707
1353 543
1354 190
1354 1401
1357 592
1361 96
1361 1080
1362 183
1362 1156
1363 492
1364 687
1365 544
1367 622
1369 67
1371 639
1372 453
1373 248
1377 705
1380 300
1382 793
1384 64
1384 639
1385 714
1387 145
1389 570
1390 53
1391 1245
1393 848
1394 984
1395 301
1396 158
1397 1230
1397 1393
1401 101
1401 307
1408 566
1411 1453
1412 474
1412 1282
1414 158
1414 420
1414 1411
1418 1328
1424 213
1425 1386
1427 486
1427 850
1428 49
1428 1077
1428 1159
1440 825
1446 1240
1446 1343
1449 847
1450 1123
1450 1385
1451 407
1453 1268
1453 1303
1455 146
1455 393
1455 1492
1457 1043
1459 502
1463 843
1467 667
1474 342
1475 470
1475 1286
1476 749
1477 215
1478 1140
1478 1173
1479 373
1480 1110
1485 1335
1486 325
1488 63
1493 849
1494 889
1494 1353
1498 594
