3501
4901
1 2702
2 1371
4 326
5 205
5 3300
6 1630
6 1688
7 552
7 624
7 1466
7 1929
8 825
8 2569
10 445
10 2428
11 1566
11 3490
12 2944
13 1654
15 1007
15 2567
16 1200
16 1344
16 1541
16 1736
16 1893
17 166
17 655
18 3201
18 3488
19 1782
19 2794
20 668
21 2413
21 3120
22 138
22 1269
22 1512
23 1427
23 2299
24 737
24 1632
24 2320
24 3442
25 933
25 1446
25 2830
27 1069
27 2063
28 3267
30 1457
31 1961
34 542
34 1052
34 1222
35 2393
37 1479
37 2296
37 3123
38 1164
38 1475
38 2617
41 2861
41 3165
42 51
42 2127
43 142
44 11
44 482
44 1677
44 3043
46 249
46 1056
49 222
50 1736
50 2350
51 2787
53 359
53 603
53 1528
53 2102
55 710
56 1804
56 1841
57 1576
62 1037
62 2564
62 2683
63 2373
63 3153
65 1389
65 1446
66 3044
66 3230
68 1021
68 2162
68 2341
69 1310
69 1565
70 650
70 1969
71 3311
73 1170
77 1269
79 727
79 1168
79 2827
79 3095
80 2333
81 1562
82 3380
83 1066
83 3407
84 769
84 1181
84 1790
84 2768
85 856
85 1145
85 1634
86 1410
86 2072
87 47
87 954
87 2503
90 2301
91 2278
98 475
98 1243
98 1794
99 605
99 917
99 2605
101 1237
103 3140
104 2850
104 3451
105 2048
105 2537
105 2868
107 2991
107 3394
108 3050
108 3305
110 1001
112 2248
112 3176
114 2994
115 2550
116 1867
116 2792
117 3262
119 65
119 2262
119 3206
119 3318
120 42
121 1607
121 3436
122 2659
122 2704
124 2715
126 417
126 1400
126 2284
127 110
128 320
128 1438
128 1784
128 3215
129 2294
129 2970
130 1464
131 2390
133 958
135 3007
136 292
137 2674
138 917
138 1457
138 2577
138 2748
139 1515
141 1364
141 1850
143 820
145 93
145 1367
146 287
146 790
146 2390
146 3311
147 2775
148 1850
149 73
149 1148
150 107
150 1204
150 2511
151 1004
152 1903
156 221
156 351
156 1696
156 2633
156 3071
157 1586
158 316
158 952
158 1056
158 3468
160 1565
160 1978
161 1105
161 1168
161 1939
161 3267
163 1144
163 1341
163 2613
163 2668
164 71
164 1610
165 964
165 1979
166 683
166 2446
166 2881
167 2758
168 3202
169 1923
169 2755
169 2975
170 1091
170 2000
171 264
172 1594
172 3358
173 2974
174 2892
176 783
178 2225
178 2275
179 248
179 3046
180 1063
181 2544
181 2790
184 519
184 1964
185 985
185 2361
185 2626
186 249
186 1502
189 825
191 554
192 68
193 415
193 1207
194 1324
194 3236
195 344
195 2488
196 189
196 1016
196 3324
197 2005
198 2501
198 3134
201 1809
201 3490
203 2745
203 3316
204 1135
204 3405
205 864
205 2773
206 275
206 342
206 984
208 2199
209 3473
210 2575
210 3417
211 1746
215 2025
216 206
216 209
216 1847
216 2400
217 2685
217 2756
218 720
220 196
220 1121
220 1563
220 2489
221 1059
221 2843
222 628
222 2059
222 2755
223 280
224 1931
224 2667
225 2560
227 3425
228 1608
228 1714
229 213
229 295
229 957
229 2119
230 1080
230 1676
231 1018
232 1317
234 331
234 1883
235 476
236 2617
239 465
239 2054
240 1369
241 120
241 294
241 443
241 3243
242 2974
243 2323
243 2399
243 2536
243 3029
244 1448
245 3225
246 3369
248 2779
248 3496
250 894
252 1372
253 2330
253 2487
254 1866
254 2335
254 2418
255 1688
255 2008
255 2436
256 60
258 1534
258 2197
259 378
259 707
259 1987
259 2556
260 416
260 1127
262 211
262 1853
263 789
263 2131
266 63
266 413
266 1484
266 2109
269 1118
270 3166
270 3305
271 779
271 2038
272 2014
272 2061
272 3458
273 918
273 3135
275 463
275 2565
277 390
277 1240
278 2444
278 3357
280 823
280 3230
281 397
283 489
283 3286
284 721
284 2071
284 2406
284 2752
286 395
289 2155
289 3305
290 2406
290 2801
290 3494
291 2823
291 3249
291 3474
292 157
292 2396
292 2692
294 1413
294 2852
295 1442
296 3447
297 1173
298 2087
299 764
299 1627
299 2598
299 2950
300 1932
300 2599
301 2743
301 2991
302 994
302 1322
302 2836
304 552
306 1528
308 2645
309 3073
310 401
311 1836
311 2084
311 2473
311 3053
314 3151
316 145
317 887
318 2126
319 2929
320 1999
321 16
321 165
321 1592
322 339
324 750
325 2977
327 3124
329 1352
331 2508
333 3030
334 382
334 1382
334 1826
335 739
336 227
336 433
337 664
337 824
337 1681
337 1731
338 132
338 1409
338 2297
339 1258
339 1473
340 1610
340 1642
341 87
342 558
343 1425
343 3056
344 2915
346 804
346 2487
347 2919
348 1561
349 1572
350 2144
350 3127
351 3254
352 2317
353 51
353 2733
354 221
354 390
354 1393
355 2632
355 3301
356 1377
356 1801
357 2626
357 2725
357 3301
359 880
359 2442
361 988
362 1443
362 2317
363 342
364 20
365 108
367 3161
368 1473
368 1507
371 831
371 2240
371 2579
373 188
373 689
373 1373
373 1775
374 1072
374 1462
374 2329
374 2868
375 261
376 257
376 1734
376 2500
376 3047
377 2116
377 3298
378 2246
380 2605
381 94
381 850
381 863
381 2706
381 3466
383 860
383 1937
383 2110
384 1009
385 20
385 77
385 1166
386 1278
386 2616
386 3372
388 1368
388 2103
388 2388
388 2923
389 251
389 3112
390 3070
391 2792
391 3043
392 563
392 1370
394 744
394 2174
394 3466
395 456
395 1224
395 1771
398 1218
398 3454
399 2043
399 2094
400 3331
403 421
406 3014
407 2810
407 3016
407 3221
408 599
408 835
409 1649
410 873
411 154
411 1180
411 1215
411 1972
412 2206
412 2495
413 1092
414 1053
416 48
416 1502
416 2108
417 696
418 1182
418 1345
419 1717
420 1165
422 193
422 2736
423 2506
424 875
424 996
424 1369
425 2020
425 2320
425 2914
426 1447
428 1584
429 3342
431 612
431 2871
433 1970
433 2291
436 1133
436 1985
437 747
437 1907
437 3418
438 127
438 1037
439 191
442 72
442 917
442 1930
443 1142
446 856
447 1174
448 627
448 3063
449 2852
449 3234
450 402
451 1198
451 2254
452 715
453 7
453 354
453 518
453 3489
455 1776
455 1831
455 3478
457 677
458 3280
460 2988
461 2843
461 3390
462 1004
462 2091
463 1497
463 2105
463 2381
464 1737
464 2162
465 1578
465 3500
467 2199
468 1260
470 1302
470 1990
471 2917
472 1729
473 958
473 1589
473 1716
476 700
477 1514
480 241
481 125
482 3159
483 568
483 2020
484 2708
485 538
485 1951
485 2083
485 2416
485 2777
485 3308
486 689
486 2923
487 1177
488 797
488 2395
489 1274
489 2929
489 2989
491 1375
491 3465
492 1821
492 1860
492 3500
493 2052
494 226
494 2505
494 3231
495 2424
496 773
496 1968
497 403
497 2543
500 2455
501 1108
501 1908
502 238
502 2097
502 3446
503 368
503 2035
504 593
504 1220
506 1315
506 2148
507 981
508 1020
508 2269
509 3294
509 3358
512 1268
514 2263
515 878
516 1339
517 2081
517 2184
518 875
518 3333
520 908
520 1098
520 1614
522 337
523 12
523 2249
524 1750
524 2140
524 2388
525 2178
525 2988
526 1001
527 493
528 1376
530 395
532 714
532 990
532 1832
532 3052
533 849
533 1124
534 3209
535 3282
536 773
537 382
537 3129
539 1397
539 2208
539 3412
540 219
540 2424
542 24
543 419
543 2121
544 1605
544 1635
544 2895
545 250
545 339
545 1847
545 2038
546 1029
546 2672
548 2326
548 2754
548 3399
549 3292
550 2602
551 56
551 2775
552 2157
552 3002
553 1883
555 247
556 399
556 1107
556 1893
556 3199
557 52
557 1685
557 1858
558 916
559 665
559 858
560 596
560 1117
561 3039
562 322
562 396
562 620
564 1036
564 2936
565 1656
567 1655
568 14
568 726
571 2780
571 3275
572 430
572 721
572 978
572 1300
572 1409
572 2142
573 3106
576 1517
576 2371
577 1753
577 2269
578 2510
578 3289
578 3353
580 1719
581 372
581 1194
581 1499
581 2022
581 2754
581 3308
582 1662
582 1698
582 2305
583 471
584 381
584 1536
584 2022
585 3213
586 1116
586 1673
586 1694
587 615
587 1378
587 2634
590 214
590 1375
590 1445
590 3047
590 3304
590 3471
591 1749
591 2409
592 2245
593 2085
595 934
596 2238
596 3278
598 1183
598 1208
598 1272
600 1003
600 2302
601 393
602 2595
605 1482
607 1771
609 744
610 3415
610 3478
611 1929
612 1546
612 3468
613 1792
617 2612
617 2807
617 3259
619 136
619 808
619 2177
620 2531
620 3372
621 426
621 2284
621 2544
622 950
622 1878
622 2027
623 2623
624 1004
624 3461
626 2181
626 2762
626 2781
628 2755
628 3222
629 2574
629 3149
629 3336
632 438
632 656
632 2216
633 139
633 1532
634 3156
636 2343
636 2738
637 1432
639 617
639 1640
640 1575
640 2914
640 3419
641 2961
641 3237
642 1375
642 2000
643 159
643 190
644 3205
645 51
645 324
646 1704
646 2877
647 3066
649 978
649 2494
650 2111
650 2131
651 941
652 2638
652 3122
653 155
653 1801
654 522
654 2006
655 2058
657 2577
657 3306
657 3364
659 1461
659 2914
662 2422
662 2781
663 1116
663 3237
664 1163
664 2388
665 1847
665 2910
666 1909
666 2988
667 605
667 3331
668 1229
669 471
669 2241
669 2433
672 2274
672 2282
675 1745
676 1026
676 1921
676 2968
677 1047
678 1876
679 443
679 453
679 1105
679 2486
679 2667
681 757
683 2528
683 3404
685 2227
687 27
688 1337
689 1483
689 2854
691 1311
691 1571
691 2800
692 1036
692 1686
693 821
693 2161
696 273
696 804
696 1728
696 2050
697 1081
698 2058
699 3155
699 3287
700 3361
701 1728
702 2305
702 3417
703 1481
704 888
704 2304
705 1319
705 1853
705 3034
706 1458
707 1603
708 746
708 1932
708 3037
708 3106
710 2275
712 1845
714 645
715 1739
715 2452
715 3240
718 2379
720 1510
721 881
721 2838
722 349
722 1830
725 1173
726 2433
726 2459
726 2817
727 1399
727 1747
729 328
730 887
730 3188
731 1155
733 3402
734 2554
735 839
736 852
736 2194
740 2300
741 1583
742 756
743 529
745 1944
745 2369
746 2537
747 3111
748 270
748 633
748 2703
748 2866
749 953
751 341
751 1192
752 833
753 2198
754 1908
755 2926
755 3097
756 130
756 1947
758 205
758 252
758 560
758 3048
759 2434
759 2831
760 2547
760 2657
763 18
765 797
767 404
767 1639
768 380
768 1363
769 2149
770 2287
771 2589
772 475
772 1755
775 709
775 1948
775 2318
776 121
776 2913
778 1941
779 2276
780 1042
782 1140
783 1047
784 556
784 1636
785 2631
786 105
787 1365
787 2045
790 1306
790 1335
791 230
791 2119
793 1264
795 1426
798 243
800 2795
803 681
804 2191
804 3355
806 2334
806 2377
807 3024
809 1470
810 1008
810 2422
810 2433
811 2892
811 2973
812 25
813 1453
813 2923
814 2246
814 2541
815 786
817 1399
817 2744
818 2196
818 2387
818 2854
818 3144
819 799
819 915
820 244
820 1307
821 747
821 1249
821 2262
821 2323
823 1125
824 889
829 1833
830 1421
830 2238
831 2981
832 3061
834 413
835 2901
836 1483
838 1833
838 2822
839 489
840 83
840 1649
840 2086
840 2519
840 3432
841 3012
841 3125
842 111
842 797
842 842
842 1730
843 547
844 2149
844 2470
845 445
845 1858
846 2605
847 1717
847 2805
847 2921
847 3218
848 1246
848 2497
848 3252
848 3439
849 580
849 1188
849 2311
850 990
850 1193
851 1010
851 1805
851 2685
852 95
854 2373
854 2669
856 2953
857 1262
858 2216
860 2018
861 343
863 2922
865 501
865 1080
866 2082
867 1987
868 2293
869 1355
870 2799
871 3333
872 3068
872 3489
873 2563
874 671
875 479
877 1540
877 2004
877 2627
878 1922
878 2830
879 1548
879 2556
880 2775
882 1077
883 402
885 2682
886 818
886 1892
886 2314
888 702
888 2400
889 2144
890 2370
890 2677
890 3132
891 2560
891 2707
891 2909
892 1653
893 2648
895 11
895 3464
896 17
896 1919
896 2795
896 3118
896 3254
898 1133
899 929
901 181
901 2940
902 297
902 1861
902 2005
903 324
903 2361
903 2562
904 559
904 970
904 1383
904 2537
905 702
906 3302
907 217
907 1959
907 2948
908 3275
909 715
909 994
909 1609
909 2532
910 1237
911 333
911 3145
912 1286
913 2013
914 231
915 1426
915 3229
916 89
916 1505
916 3049
917 2634
918 1157
919 2260
920 435
920 1298
920 1895
920 2374
923 1170
924 171
924 1953
925 1189
925 1193
926 2517
926 2714
927 1682
927 1757
927 2319
928 2497
930 1156
931 269
931 1100
931 2657
931 2767
932 755
935 475
935 497
935 3385
936 1523
939 1669
940 1426
940 2873
940 3169
941 2469
942 1768
942 1830
942 2506
943 1656
944 1925
945 1991
945 2118
946 579
946 1315
947 1780
948 2317
949 2036
949 2204
951 1057
951 1560
951 2836
952 1318
953 729
954 3094
955 294
955 1429
955 3120
955 3336
956 333
956 2233
957 346
957 1839
958 1268
958 1751
959 396
959 1793
960 169
960 339
960 3486
961 466
961 1079
962 596
962 710
962 2871
963 1100
964 3458
966 2142
966 2926
966 2951
967 1262
968 2740
969 1051
969 1117
969 1363
971 2715
972 61
972 1288
972 1927
972 1966
973 1511
974 1217
975 6
975 441
975 3324
976 531
978 1459
978 1877
979 1024
979 2537
981 1988
984 732
985 583
985 3128
985 3266
987 1536
987 1548
987 2945
988 2495
988 2629
988 2771
991 2364
991 2516
993 2354
995 586
995 650
995 3173
996 879
996 2165
996 2806
996 3154
999 3356
1000 1644
1000 1889
1003 1898
1003 2427
1004 914
1004 2725
1005 211
1006 2061
1007 1920
1007 2437
1009 811
1009 1488
1011 175
1011 366
1011 661
1011 948
1012 2016
1013 855
1013 1229
1013 2004
1013 2702
1017 921
1017 1568
1018 856
1020 2607
1021 1504
1022 1895
1023 316
1023 1137
1024 2568
1026 769
1027 1129
1028 1515
1028 2051
1029 452
1029 1328
1031 2305
1032 1213
1032 1752
1032 3071
1034 1343
1035 1100
1035 3262
1036 812
1036 2442
1037 493
1037 836
1037 3362
1038 507
1038 2150
1040 2657
1040 2694
1042 544
1042 1624
1042 2654
1044 876
1044 3478
1045 2295
1047 543
1047 1220
1048 1058
1049 2196
1049 2942
1052 2
1052 238
1052 497
1052 2179
1053 2446
1054 792
1054 1562
1055 632
1056 1821
1056 2837
1057 753
1057 2099
1057 2410
1058 1598
1059 1725
1060 134
1060 2397
1061 227
1061 2729
1061 3109
1061 3348
1062 2563
1063 264
1063 432
1063 2362
1063 2989
1063 3251
1064 3382
1065 2934
1066 1342
1066 2746
1067 863
1067 1955
1067 2060
1068 1247
1068 1637
1069 514
1070 2999
1071 823
1071 1842
1072 87
1072 2020
1073 590
1073 1992
1075 340
1075 1551
1076 3094
1078 3056
1079 203
1079 2561
1080 506
1080 2340
1080 2908
1081 1615
1082 47
1082 1120
1082 1533
1082 2557
1083 1210
1083 1831
1084 914
1084 1810
1085 3098
1086 3160
1086 3204
1088 3433
1089 284
1089 1755
1090 396
1090 523
1090 633
1094 227
1094 2483
1094 3288
1095 2676
1096 3231
1097 639
1100 1998
1100 2460
1101 972
1101 1260
1102 293
1102 1436
1103 114
1104 954
1104 1018
1104 1578
1106 1014
1107 1142
1108 1111
1108 1379
1108 1648
1109 1168
1109 2812
1109 3475
1110 1145
1110 1755
1110 2794
1112 1894
1113 637
1114 595
1114 1089
1115 2870
1115 3315
1119 3030
1121 3293
1122 2248
1122 2780
1123 450
1123 2477
1124 445
1124 1198
1124 1807
1125 1135
1125 2415
1125 2516
1125 3185
1126 8
1126 1790
1127 2393
1127 2991
1128 792
1128 3229
1129 2759
1133 1233
1134 1553
1135 65
1136 399
1138 1632
1139 1580
1139 2589
1139 2640
1140 2707
1141 3216
1142 2344
1143 2884
1144 3054
1145 2776
1145 3212
1146 417
1147 879
1147 1012
1148 866
1149 17
1149 273
1150 345
1150 1284
1151 1386
1151 2375
1151 2441
1152 724
1152 2658
1154 194
1154 1552
1157 38
1157 1086
1157 3162
1158 2140
1159 1211
1159 1666
1160 582
1160 856
1160 2922
1160 3196
1160 3410
1161 1802
1161 1829
1164 1491
1164 1946
1165 1803
1165 2075
1165 2729
1167 179
1167 652
1168 1682
1168 3421
1169 1748
1170 1837
1170 2863
1170 3370
1171 549
1174 1670
1175 2595
1175 2870
1177 1789
1177 1980
1178 2307
1180 1622
1180 1996
1180 2857
1181 389
1181 2810
1183 1702
1183 3086
1184 660
1184 2724
1187 2815
1188 592
1189 260
1189 1378
1190 2644
1191 19
1191 1245
1192 257
1192 850
1192 2328
1193 1538
1193 3477
1194 1069
1194 2832
1195 2698
1195 3477
1197 1741
1197 2072
1197 2156
1198 17
1198 3194
1198 3489
1199 449
1199 3327
1200 387
1200 734
1200 1494
1201 138
1201 193
1201 3239
1203 1910
1204 1153
1204 2787
1206 895
1206 2495
1206 2916
1207 2424
1207 3385
1208 1497
1210 3224
1211 1643
1211 3408
1212 2884
1213 76
1213 1460
1213 3003
1213 3090
1214 1037
1214 3219
1215 776
1215 2401
1216 370
1216 1893
1217 3062
1219 2072
1219 2591
1219 2930
1220 1393
1220 2257
1221 1062
1222 1768
1223 2842
1224 2591
1225 2208
1226 1256
1227 1760
1227 3347
1228 3017
1230 1750
1230 3245
1231 593
1231 1929
1233 1115
1234 3256
1235 1239
1236 603
1237 791
1237 1295
1238 946
1238 2010
1238 2239
1238 2250
1238 2951
1240 340
1240 2109
1243 22
1243 2451
1243 3318
1244 1559
1245 3098
1246 1706
1247 394
1248 2717
1250 2861
1251 1652
1251 3499
1252 853
1252 1140
1252 3501
1253 2454
1254 2733
1255 2709
1255 3172
1255 3348
1256 1927
1257 1750
1257 3047
1258 931
1259 2522
1260 850
1260 896
1260 3213
1261 403
1262 3283
1262 3500
1263 3024
1264 1253
1265 820
1265 1872
1265 3466
1267 719
1267 1618
1268 5
1268 3219
1268 3362
1269 2496
1269 3081
1271 823
1271 1736
1275 1593
1275 2157
1275 2429
1276 3167
1277 1185
1277 1980
1278 1741
1279 2069
1280 84
1281 97
1281 1840
1282 1927
1284 1769
1284 2439
1284 2497
1285 2091
1285 3271
1289 1437
1290 1468
1290 2825
1291 1668
1292 11
1292 1674
1292 3158
1294 2702
1296 60
1296 1257
1296 3040
1296 3498
1298 536
1298 1199
1298 1379
1298 2856
1300 90
1301 267
1301 2383
1305 1138
1306 3377
1308 101
1309 318
1309 1905
1309 2214
1311 2770
1312 1093
1312 1293
1312 2019
1313 1046
1313 1340
1313 1600
1313 1632
1315 51
1315 748
1317 686
1317 1715
1318 388
1318 1400
1318 2738
1319 3424
1320 875
1322 796
1322 1786
1322 3327
1323 2303
1323 2815
1323 2895
1325 816
1325 1375
1325 1743
1328 524
1328 963
1329 765
1329 2729
1331 1075
1331 2331
1332 1841
1333 790
1333 2752
1333 3185
1334 487
1334 580
1335 857
1336 551
1336 713
1336 1662
1337 1654
1338 2582
1339 1041
1339 2112
1341 682
1341 2433
1342 844
1343 3357
1344 151
1344 327
1345 2648
1345 2909
1346 2422
1347 679
1347 1506
1347 1875
1348 505
1348 1333
1350 1007
1350 1230
1351 1001
1351 2185
1352 2119
1352 3269
1353 2179
1353 2329
1353 3101
1354 1335
1354 1889
1354 2207
1355 2
1355 149
1355 3396
1357 728
1357 1914
1358 1528
1359 1300
1359 3382
1362 2752
1366 547
1366 1062
1367 966
1367 1853
1368 1964
1369 725
1370 1889
1370 2496
1371 1077
1372 2405
1373 2316
1375 475
1375 1707
1375 2855
1376 1800
1377 1209
1377 2097
1377 3050
1377 3429
1379 1330
1379 2641
1379 2787
1381 1288
1381 1706
1383 807
1385 639
1385 3251
1385 3445
1387 660
1388 910
1389 2274
1390 2775
1390 2977
1391 1444
1391 1578
1393 3445
1394 591
1394 617
1394 2184
1394 2375
1395 1140
1395 2343
1397 1609
1397 3250
1398 269
1398 2220
1398 2790
1399 2451
1400 3121
1400 3205
1401 1089
1402 1182
1404 3038
1405 2108
1405 3453
1406 2265
1407 1077
1407 1364
1409 2073
1409 2575
1411 2586
1414 398
1414 1289
1414 2780
1415 597
1415 3252
1415 3314
1416 788
1416 3291
1417 145
1418 3166
1419 215
1419 1012
1419 1617
1420 1721
1421 1121
1422 2974
1423 1561
1424 802
1424 932
1424 1787
1425 2375
1425 2573
1426 822
1426 1195
1426 3479
1429 999
1430 2827
1431 342
1431 1044
1431 2314
1432 972
1432 1892
1432 1977
1433 1098
1433 1972
1434 2601
1435 1445
1436 641
1436 2595
1436 3335
1438 1820
1438 3061
1438 3120
1439 369
1439 1147
1439 2502
1440 14
1440 1069
1442 1938
1443 3445
1444 513
1444 1922
1445 3324
1446 203
1446 204
1446 575
1448 2063
1448 2628
1449 456
1450 467
1451 1708
1451 2147
1453 888
1453 2501
1453 3165
1455 2531
1456 1631
1456 3002
1458 1430
1458 3223
1459 970
1459 1828
1461 1186
1461 1404
1462 455
1462 1043
1463 616
1464 3041
1465 77
1465 1499
1466 719
1466 2129
1466 3168
1467 1977
1467 3378
1468 1101
1468 2404
1469 2159
1469 2178
1469 3235
1472 3167
1472 3251
1473 2540
1473 3302
1476 3257
1477 612
1477 1633
1478 541
1479 1432
1480 312
1480 706
1480 2938
1482 833
1482 1207
1483 1609
1483 1674
1484 76
1486 981
1486 2446
1487 1388
1487 3148
1488 1672
1488 2063
1490 711
1491 3312
1491 3354
1492 3422
1493 121
1493 1639
1495 1427
1495 3151
1496 2804
1497 410
1498 119
1498 384
1499 196
1499 3019
1500 2123
1501 1845
1502 508
1502 1365
1502 2852
1503 1947
1504 226
1504 553
1505 2226
1506 1110
1507 2045
1507 2250
1511 608
1512 902
1512 1879
1512 3220
1513 378
1514 419
1514 2743
1516 366
1517 225
1517 1650
1518 2236
1519 1055
1520 2771
1521 590
1521 3188
1522 1630
1522 2078
1523 75
1523 2239
1523 3423
1526 1579
1526 2020
1528 1257
1528 3221
1528 3419
1529 745
1529 2043
1530 2404
1531 3121
1532 1852
1532 3347
1533 2388
1536 39
1537 3181
1538 269
1538 842
1540 579
1540 3393
1541 2687
1544 1275
1545 682
1545 2885
1547 415
1547 2167
1548 921
1548 2114
1550 3158
1552 2747
1554 2540
1554 2884
1556 2973
1557 202
1558 786
1558 3463
1560 1427
1560 1763
1560 3184
1561 595
1561 1331
1562 541
1562 630
1562 1454
1563 1974
1563 2578
1563 2673
1564 100
1564 1173
1565 417
1565 1553
1567 2912
1570 1987
1570 2417
1571 3137
1572 1595
1572 2079
1573 1423
1574 2451
1575 864
1575 921
1575 1612
1576 2884
1577 1083
1577 1089
1577 1647
1577 1973
1577 2706
1579 3203
1580 1866
1580 2990
1581 2572
1582 2872
1583 1846
1584 118
1585 527
1585 2407
1586 2555
1587 387
1587 423
1587 1717
1588 2418
1588 2589
1588 2916
1589 777
1589 1387
1589 1529
1589 2111
1590 1366
1591 539
1591 1124
1592 90
1594 2371
1594 3165
1595 1637
1596 1485
1596 1753
1596 2391
1597 1586
1598 1435
1599 2390
1599 3236
1600 3051
1601 551
1602 1556
1602 2728
1602 3343
1602 3377
1603 242
1604 545
1604 773
1604 2310
1605 1002
1605 1095
1605 2715
1606 238
1606 1550
1607 397
1607 3302
1608 584
1608 1490
1608 1821
1609 215
1609 1767
1612 2312
1613 803
1613 2054
1614 3387
1615 1254
1616 314
1616 1578
1617 11
1618 1492
1619 83
1619 3277
1621 3034
1621 3396
1623 148
1624 501
1624 1262
1624 2780
1627 891
1628 80
1628 243
1629 2216
1629 2640
1631 835
1632 2319
1633 756
1634 298
1635 1727
1636 912
1637 63
1637 825
1637 1527
1638 1860
1639 1960
1639 2190
1640 1471
1642 2702
1644 555
1644 1898
1644 1973
1644 3093
1645 2815
1646 757
1646 2323
1646 2359
1647 317
1647 1726
1647 3349
1648 1291
1648 1591
1648 1975
1649 29
1649 1036
1653 2987
1654 122
1654 772
1655 3007
1655 3481
1656 3084
1657 3376
1658 2200
1659 2236
1659 2376
1660 355
1660 383
1661 141
1661 444
1661 769
1661 1228
1661 1560
1661 2155
1663 488
1663 629
1664 10
1665 13
1665 1874
1667 2758
1670 824
1670 844
1670 1539
1670 2667
1671 1851
1672 1508
1673 672
1674 192
1674 731
1674 3326
1677 1710
1677 2048
1678 3500
1679 3317
1680 2568
1681 1327
1682 1383
1683 255
1683 1798
1683 2391
1684 3337
1684 3462
1685 1741
1686 865
1686 2457
1687 2834
1688 1574
1688 1774
1688 2706
1689 264
1689 3445
1690 2161
1691 71
1691 1174
1691 3126
1692 392
1693 1628
1693 3222
1694 1368
1694 2192
1694 2257
1694 2643
1695 182
1696 1906
1696 2592
1698 2411
1698 3091
1699 427
1699 1576
1699 2815
1700 484
1700 1018
1700 1634
1700 1821
1701 461
1701 1919
1701 2097
1701 3395
1702 29
1702 153
1703 692
1703 1510
1703 2188
1704 192
1704 1779
1705 1781
1705 3041
1706 3449
1707 1990
1708 2430
1709 1155
1709 3193
1710 537
1711 1190
1712 1435
1713 1381
1713 1886
1713 1960
1715 732
1715 2011
1715 2758
1715 3404
1717 2144
1719 301
1719 1835
1720 241
1721 2238
1721 2347
1723 1591
1723 2619
1726 344
1726 2819
1729 1362
1731 1835
1733 948
1733 2787
1735 3491
1736 982
1736 1114
1736 1682
1736 2060
1736 2104
1737 975
1737 3139
1738 435
1738 2018
1739 591
1739 2710
1743 1939
1744 817
1746 380
1746 455
1747 23
1747 25
1747 2185
1748 514
1749 241
1750 1606
1750 2127
1750 2253
1751 1038
1751 2783
1753 274
1753 1889
1754 2380
1755 2012
1756 837
1756 1087
1757 668
1757 1407
1757 2448
1758 1793
1760 2907
1761 2468
1762 1425
1765 1395
1765 2040
1765 2118
1765 3144
1766 3250
1766 3284
1766 3402
1767 298
1768 1644
1769 120
1769 3193
1770 1058
1772 490
1773 1768
1774 239
1774 927
1775 672
1775 1728
1775 3448
1777 2563
1780 1023
1780 2040
1781 3471
1782 1073
1782 1626
1782 1630
1782 2698
1783 511
1783 626
1785 460
1785 2304
1785 2552
1785 2936
1786 2896
1786 3428
1787 1535
1787 2836
1788 1179
1789 813
1789 1690
1789 2469
1790 1962
1791 2012
1793 545
1793 760
1793 2290
1793 2740
1794 2720
1795 977
1796 3011
1796 3075
1797 514
1797 1998
1797 2904
1797 2952
1798 2217
1799 68
1799 521
1799 3132
1801 2100
1803 1425
1806 451
1806 637
1806 679
1806 1214
1806 3121
1807 1585
1807 1635
1809 551
1809 3246
1810 2070
1811 494
1812 2920
1813 440
1815 989
1815 1527
1816 1320
1816 2363
1816 3308
1817 663
1817 1599
1817 2229
1817 3131
1818 1203
1818 2425
1819 3427
1820 25
1820 1070
1820 2593
1820 2732
1821 1270
1821 1858
1821 3188
1822 627
1823 160
1823 1293
1823 1567
1826 27
1826 88
1826 2287
1826 2871
1827 111
1827 2046
1827 2396
1828 719
1828 940
1830 509
1831 2121
1831 2302
1831 2453
1833 2126
1834 2895
1835 2470
1836 3268
1837 588
1837 2126
1837 2429
1838 1541
1839 1985
1839 2970
1840 3371
1841 185
1843 3162
1844 219
1844 3097
1845 521
1845 1086
1845 2732
1846 1779
1847 333
1849 332
1849 609
1850 3324
1851 709
1851 989
1852 695
1852 3406
1853 2651
1854 1710
1854 2757
1855 1855
1856 2518
1857 907
1858 940
1859 285
1859 1526
1859 1590
1859 3458
1861 2167
1862 1103
1863 3140
1863 3221
1864 3501
1865 1416
1866 1034
1866 3481
1868 818
1870 1072
1871 2116
1872 561
1872 2387
1872 3432
1873 762
1874 1547
1874 2280
1875 225
1875 1283
1875 2694
1876 1340
1877 1839
1877 2867
1877 2970
1878 266
1879 241
1880 1193
1880 2787
1881 2509
1881 2987
1882 871
1884 1770
1887 3430
1888 380
1888 699
1888 2641
1888 2942
1889 1844
1890 871
1891 2537
1892 69
1892 985
1892 2738
1893 1200
1893 1439
1893 2626
1894 2494
1897 126
1897 820
1897 3149
1898 2641
1899 1702
1900 2096
1900 3220
1901 194
1901 2227
1901 2995
1902 179
1902 2945
1903 553
1903 926
1903 2121
1903 2300
1903 3015
1903 3182
1904 2449
1905 1561
1905 1692
1905 1910
1906 3022
1907 1634
1908 2575
1909 844
1909 1932
1909 2226
1909 2565
1912 3261
1913 365
1913 1001
1913 2094
1914 428
1914 607
1915 1916
1915 2844
1915 3458
1916 1717
1916 2101
1916 2878
1917 327
1919 1557
1919 2073
1922 1141
1923 3232
1925 852
1925 1671
1926 3360
1929 312
1929 2782
1930 960
1931 2072
1932 973
1934 407
1934 768
1936 819
1936 2095
1936 2336
1936 2843
1938 1999
1939 314
1939 530
1939 3188
1941 603
1942 526
1942 2572
1943 272
1943 434
1943 2986
1943 2993
1944 558
1945 3130
1946 569
1946 2950
1947 1536
1947 1618
1947 2062
1948 556
1948 1994
1949 346
1949 527
1950 2595
1951 247
1951 1245
1951 1473
1951 2830
1952 1727
1952 3499
1953 1516
1954 1508
1956 2144
1957 3163
1958 1771
1958 3175
1958 3373
1958 3482
1959 3013
1959 3115
1960 232
1960 2700
1961 1761
1962 1586
1962 1716
1962 3480
1964 1140
1969 2859
1970 3110
1970 3286
1971 612
1972 659
1972 713
1973 1691
1974 345
1974 1791
1976 3312
1978 1007
1978 1563
1979 274
1979 529
1980 742
1980 2030
1981 3489
1982 1419
1984 1822
1984 2723
1985 479
1987 2524
1988 671
1988 1263
1989 577
1994 2903
1994 3068
1995 1370
1995 2152
1998 2572
1998 2875
1998 3134
1999 1036
1999 1377
1999 3171
2000 1523
2000 2822
2000 3266
2001 1828
2002 12
2002 1228
2002 1318
2004 399
2004 2083
2005 2787
2006 934
2006 2385
2006 3373
2007 491
2007 1541
2007 3045
2008 1386
2008 1539
2009 159
2011 1603
2012 67
2012 2317
2012 2499
2012 2610
2013 1654
2013 2570
2013 3240
2014 1295
2015 197
2015 2272
2016 2512
2016 2812
2019 2010
2019 3254
2020 102
2021 400
2021 2535
2022 794
2022 2131
2022 2902
2023 46
2023 3125
2024 391
2024 1251
2026 2617
2026 3247
2026 3379
2027 998
2028 328
2029 45
2029 3027
2030 3175
2032 2279
2033 1072
2035 164
2036 2026
2036 2341
2037 960
2037 3276
2038 329
2038 1283
2038 1982
2039 13
2039 1469
2042 2262
2043 731
2043 2576
2044 473
2045 3418
2046 1693
2047 1539
2047 3331
2049 1722
2050 774
2051 2952
2053 3253
2054 1355
2055 31
2055 661
2055 1158
2055 3267
2057 462
2058 1429
2059 1115
2060 1725
2060 3481
2061 1300
2061 3446
2061 3478
2062 931
2062 1485
2063 1451
2064 1320
2065 653
2065 3409
2066 978
2066 1123
2068 195
2068 1249
2068 2276
2069 1359
2070 19
2070 1730
2070 2649
2071 2852
2072 839
2074 195
2076 39
2079 2447
2081 1151
2082 331
2082 571
2082 949
2082 1014
2083 270
2083 521
2084 246
2084 1143
2086 1195
2086 1625
2086 2015
2087 360
2088 112
2089 1255
2089 2233
2090 236
2090 548
2090 624
2091 774
2091 1458
2092 377
2092 1811
2092 1825
2092 2493
2094 2669
2094 2939
2095 2355
2097 251
2098 139
2099 3325
2100 1951
2100 2242
2100 3012
2101 1817
2101 1918
2102 1648
2102 2012
2103 197
2104 2054
2105 681
2105 2518
2106 659
2106 733
2106 851
2106 2183
2107 116
2108 1479
2108 2449
2109 2242
2109 3259
2110 436
2110 1047
2111 2976
2112 210
2112 776
2112 874
2112 1972
2112 3106
2113 529
2113 3262
2114 2189
2115 391
2115 653
2115 1696
2117 479
2118 2732
2119 1180
2119 1547
2119 1791
2120 2332
2121 286
2121 2255
2123 1855
2124 21
2124 1730
2124 3227
2126 96
2128 374
2128 1857
2128 2615
2131 203
2131 1093
2131 1374
2131 1533
2132 2326
2132 2425
2134 995
2134 1495
2134 2822
2135 2406
2136 100
2136 2101
2136 2266
2137 507
2140 259
2141 367
2141 1210
2141 2422
2141 3066
2144 1062
2144 1136
2144 3038
2145 1069
2145 2357
2145 3431
2146 213
2146 959
2147 3207
2148 2302
2148 3329
2149 745
2149 845
2149 2792
2151 1101
2151 2152
2152 392
2152 2726
2153 1321
2153 1493
2153 1918
2154 3155
2154 3340
2156 1330
2156 2101
2158 3242
2160 432
2161 684
2161 2268
2161 2744
2161 2906
2162 2721
2163 1965
2164 370
2164 530
2165 2398
2166 2404
2168 1768
2168 1874
2168 3380
2169 2046
2169 3036
2172 342
2172 1175
2173 1660
2174 2677
2176 2313
2176 2661
2177 887
2177 1499
2177 1754
2177 2655
2177 2677
2178 2674
2178 2955
2179 1266
2180 3225
2180 3382
2181 1467
2183 2105
2183 3189
2183 3195
2183 3391
2184 551
2185 2625
2186 1940
2187 72
2187 1528
2188 463
2188 2882
2188 3217
2189 886
2190 565
2190 1403
2191 810
2191 1599
2191 1977
2192 284
2192 2409
2193 3163
2194 133
2194 479
2196 2493
2197 246
2197 417
2197 1661
2197 3047
2197 3123
2199 2527
2199 3237
2200 124
2200 316
2202 3052
2203 131
2203 203
2203 265
2203 1742
2204 3431
2204 3466
2205 1026
2206 1106
2206 2071
2207 341
2207 363
2207 948
2207 2021
2208 885
2208 1588
2208 2370
2209 1965
2209 3231
2210 894
2210 1230
2210 1990
2210 2597
2211 1439
2211 2788
2212 2735
2213 1917
2213 2954
2214 1069
2214 3155
2215 2315
2215 2597
2215 2607
2216 490
2216 1251
2216 1946
2216 2891
2217 717
2217 1514
2217 2801
2218 1942
2218 3363
2219 3120
2220 1662
2221 687
2222 1040
2223 19
2224 2360
2226 1417
2227 2566
2228 407
2228 546
2228 1002
2228 1982
2229 25
2229 1351
2230 1102
2231 1497
2232 1646
2233 2822
2234 2386
2234 2929
2235 1005
2236 1872
2236 2427
2236 3012
2236 3362
2237 1982
2238 3089
2239 176
2239 2323
2239 2932
2241 921
2241 1218
2241 2509
2243 572
2243 2015
2243 2188
2245 1116
2246 1075
2249 1253
2250 441
2250 1417
2250 1905
2252 944
2252 2824
2253 1905
2256 211
2256 1025
2257 2731
2259 2649
2259 3231
2260 1145
2260 1664
2260 1876
2260 2475
2261 2613
2261 3190
2262 1300
2263 1292
2264 107
2264 1078
2264 2306
2265 2156
2266 86
2266 1937
2266 3060
2267 11
2267 2335
2268 2956
2269 2197
2269 2971
2270 2840
2270 3082
2271 93
2271 1893
2272 2912
2274 631
2275 500
2275 1866
2275 2667
2275 2891
2277 4
2277 1376
2277 2079
2278 319
2278 344
2278 780
2278 2291
2279 1511
2280 2560
2282 696
2282 1385
2282 1790
2286 656
2287 2922
2288 1093
2289 2671
2291 605
2291 1361
2292 1248
2292 2138
2292 2297
2292 2347
2292 3005
2293 2
2294 744
2295 985
2295 1243
2297 218
2297 3241
2298 2526
2300 2009
2300 2568
2301 3091
2301 3365
2302 2632
2303 2754
2308 3029
2309 759
2309 990
2312 872
2312 2148
2314 1524
2314 1577
2315 266
2316 1663
2318 1087
2318 2861
2319 56
2321 677
2321 827
2321 1179
2323 1599
2324 2668
2326 1512
2326 2337
2327 949
2327 1034
2328 699
2328 1211
2328 1875
2329 172
2330 34
2330 139
2333 13
2334 660
2334 2586
2335 1576
2335 1726
2336 402
2336 717
2337 830
2338 2018
2339 364
2339 2216
2340 166
2340 2927
2342 189
2342 1191
2342 1278
2342 2700
2342 3106
2343 1731
2343 3088
2345 783
2346 2291
2347 489
2347 1775
2347 2645
2351 1545
2351 2969
2351 3371
2352 243
2352 2916
2353 2715
2354 2399
2354 3014
2354 3183
2355 3383
2356 31
2356 2220
2357 2823
2358 2898
2358 3455
2360 1689
2361 1039
2362 2594
2362 3049
2363 66
2366 2446
2366 3111
2366 3235
2367 608
2369 2596
2370 511
2371 1032
2371 1599
2372 1193
2373 2015
2374 633
2374 2942
2375 1594
2377 993
2378 1894
2378 2616
2379 1197
2380 288
2380 343
2380 732
2380 2650
2381 1639
2383 2551
2384 1539
2384 2166
2385 412
2385 990
2387 1674
2387 2463
2388 1688
2388 2019
2389 1192
2390 2669
2391 1371
2392 1918
2393 2750
2394 1397
2394 2676
2395 1210
2395 2110
2395 3079
2396 291
2399 1377
2400 2495
2400 2667
2402 2493
2403 1122
2405 1851
2406 3124
2408 547
2409 3450
2411 110
2411 1078
2412 409
2412 1164
2413 1737
2413 2438
2415 973
2416 1354
2416 1925
2416 2738
2419 486
2421 1130
2421 1464
2421 2624
2421 3292
2422 35
2422 2116
2424 296
2424 1159
2424 2853
2426 301
2426 1724
2427 849
2427 2167
2427 2712
2427 2978
2427 3185
2428 25
2429 506
2429 2282
2429 2649
2429 3345
2430 1685
2430 1902
2431 2259
2432 2422
2434 1737
2436 1795
2436 2900
2436 3093
2438 644
2438 975
2439 1019
2439 2907
2440 59
2440 3458
2442 2749
2443 1120
2445 1692
2445 3492
2446 2578
2447 661
2448 236
2448 2000
2448 3485
2451 1228
2451 1544
2451 3053
2452 718
2452 918
2452 2175
2453 1051
2453 1439
2453 1523
2455 388
2455 614
2455 2242
2456 671
2456 2027
2457 1352
2457 2851
2458 2321
2458 3155
2458 3189
2459 2142
2460 1049
2461 1997
2461 2224
2462 808
2462 940
2463 1805
2464 1616
2466 2903
2467 214
2469 1438
2469 1581
2469 2490
2471 728
2471 762
2471 1144
2471 1208
2471 2205
2472 1116
2473 630
2474 1911
2474 2102
2479 1235
2479 2277
2480 74
2480 1190
2481 322
2482 118
2482 317
2484 371
2486 512
2486 806
2486 2226
2486 2253
2486 3161
2487 2132
2487 2586
2487 2962
2492 1169
2493 2765
2494 338
2495 2037
2495 3344
2496 1859
2496 1928
2496 2679
2498 168
2499 1881
2499 2396
2500 3009
2501 689
2501 3136
2502 1962
2503 1647
2504 594
2505 3020
2506 859
2506 2183
2508 92
2508 964
2508 1403
2509 2736
2511 87
2511 252
2511 1708
2511 3204
2513 297
2514 1285
2514 1291
2515 59
2515 161
2516 2236
2516 2696
2517 1809
2518 2213
2519 650
2519 2312
2519 3258
2522 181
2523 1412
2524 1825
2526 1288
2526 1713
2527 3347
2528 873
2528 2559
2529 1880
2529 2104
2529 2176
2529 3082
2530 986
2531 2599
2532 549
2532 1592
2534 804
2534 1355
2534 1648
2535 155
2535 2261
2536 2614
2537 953
2537 1077
2537 2309
2539 1608
2539 1986
2540 685
2540 1512
2540 2728
2540 3065
2540 3153
2541 2475
2541 2939
2542 2381
2543 1707
2544 155
2544 1439
2544 1507
2544 1817
2545 3072
2546 584
2546 1346
2546 2243
2546 2296
2546 2993
2546 3401
2548 1000
2549 1941
2549 3492
2550 1048
2550 1439
2550 1496
2550 2458
2552 109
2553 1264
2554 901
2557 2769
2558 2195
2559 887
2559 2174
2561 1275
2561 1917
2561 3157
2562 255
2563 339
2563 343
2563 2598
2563 2670
2564 1330
2564 2454
2564 2773
2565 357
2565 374
2566 564
2566 1038
2566 1147
2567 167
2567 1959
2567 2822
2568 1403
2568 1695
2568 2856
2569 1041
2569 2038
2569 2371
2570 488
2570 1318
2570 1963
2572 69
2572 353
2573 2567
2574 235
2574 3287
2575 3096
2576 1493
2577 1074
2577 1849
2577 2826
2577 3102
2577 3360
2577 3396
2578 290
2578 578
2579 273
2579 504
2580 760
2580 2945
2581 1409
2582 3393
2583 1026
2584 2445
2585 2140
2585 3323
2586 2696
2587 2343
2587 2840
2588 46
2588 1281
2589 713
2589 2225
2590 579
2590 2235
2591 2663
2591 3283
2591 3420
2592 1012
2592 1806
2592 3041
2593 17
2593 982
2593 3469
2596 1539
2596 1656
2597 1615
2597 2033
2597 2529
2598 159
2598 1752
2599 2629
2600 2854
2601 504
2601 1103
2602 57
2603 589
2603 3347
2603 3380
2604 489
2604 2586
2604 3418
2605 3137
2606 1037
2606 2249
2607 1191
2607 2967
2608 767
2608 1208
2609 2038
2610 1184
2610 1612
2610 1734
2611 322
2611 1432
2611 1756
2611 3176
2612 176
2612 386
2612 758
2612 1775
2614 806
2615 772
2615 2166
2616 2849
2617 1418
2618 2353
2618 2939
2619 848
2619 2094
2620 3144
2623 509
2623 1128
2623 2867
2624 2782
2625 1046
2625 2105
2625 2201
2625 3465
2628 233
2628 1486
2628 3030
2629 3239
2632 475
2632 1715
2633 789
2633 3201
2634 1064
2635 2273
2637 1294
2637 2820
2638 2940
2638 2983
2639 2622
2640 2884
2641 1953
2642 909
2644 1750
2645 613
2645 1648
2646 815
2646 1159
2647 1226
2648 1973
2648 2195
2651 3113
2652 1130
2653 427
2653 1034
2654 1443
2655 1042
2656 77
2657 1183
2657 1829
2659 1434
2659 2040
2659 2116
2660 803
2660 1172
2661 2876
2662 85
2663 644
2663 1735
2664 411
2664 863
2665 1293
2666 2876
2668 2078
2669 766
2669 2959
2669 3157
2670 1542
2671 818
2671 895
2671 1331
2672 1092
2672 2859
2673 565
2673 1934
2675 115
2675 1052
2675 2424
2676 609
2676 2792
2676 2798
2676 2851
2677 923
2677 1186
2677 2606
2678 2336
2678 2495
2678 2949
2679 486
2680 2917
2680 3251
2680 3386
2681 955
2681 2422
2682 395
2682 2174
2683 687
2683 2822
2685 233
2685 617
2686 1668
2687 314
2690 1859
2691 657
2692 665
2693 653
2693 1219
2693 2617
2694 173
2694 291
2695 484
2695 3218
2696 481
2697 272
2697 1194
2697 2185
2698 2395
2699 1092
2699 2783
2700 1273
2700 3023
2701 788
2701 2419
2701 2744
2702 1908
2704 2781
2705 1515
2705 2191
2705 3487
2707 2193
2707 3011
2708 2985
2708 3028
2709 805
2709 3186
2709 3287
2710 432
2711 514
2711 661
2711 2811
2714 51
2714 577
2716 799
2717 360
2718 1088
2718 1827
2722 821
2724 196
2724 2090
2724 3275
2725 3040
2725 3204
2727 1274
2727 1918
2727 2354
2728 2210
2728 3030
2728 3196
2729 2177
2731 980
2731 1929
2732 3418
2733 1091
2733 2586
2734 1324
2734 3420
2737 1652
2737 2714
2738 103
2738 2502
2738 2602
2739 1943
2739 2546
2740 2522
2740 3051
2741 1899
2741 2026
2742 2791
2744 678
2744 2486
2745 1396
2747 2398
2747 3017
2748 3039
2751 1685
2753 1204
2753 2986
2754 1491
2754 1820
2755 1999
2755 2628
2756 194
2756 941
2756 2058
2757 1434
2758 1432
2761 623
2761 726
2761 1981
2761 3488
2762 3105
2763 3387
2764 2054
2767 58
2767 2233
2767 2833
2767 2873
2768 439
2770 3249
2771 162
2771 344
2772 1893
2772 3070
2773 846
2773 1325
2777 247
2778 935
2778 1821
2778 2266
2779 373
2779 743
2780 1370
2780 3464
2781 952
2782 2166
2783 1288
2785 592
2785 1122
2785 3473
2786 3353
2787 1508
2787 2572
2787 2651
2787 3413
2788 2594
2790 3137
2791 2143
2791 3422
2794 1746
2794 1994
2795 3160
2796 900
2798 2231
2799 220
2799 2585
2801 340
2803 3263
2804 139
2805 2484
2805 2959
2807 3149
2808 1779
2808 1878
2809 38
2809 2376
2809 2753
2810 500
2810 790
2811 1717
2812 2968
2814 1753
2814 2788
2817 25
2817 340
2817 1196
2819 289
2820 227
2821 3
2821 2731
2822 60
2822 1238
2826 659
2827 3076
2830 699
2830 2816
2830 3408
2831 532
2831 540
2831 1138
2831 3136
2831 3378
2832 1159
2832 2426
2833 399
2833 3372
2834 468
2835 434
2835 3399
2838 637
2838 2061
2840 2390
2840 3073
2842 1811
2842 2640
2842 3006
2844 365
2844 1120
2844 3056
2844 3187
2845 2362
2845 3335
2846 2251
2847 198
2848 847
2850 2070
2853 343
2854 1367
2854 2478
2854 2631
2854 3406
2857 186
2857 1033
2859 642
2859 3437
2860 660
2860 1667
2860 2239
2860 2511
2862 1429
2863 1771
2864 115
2864 140
2864 1748
2864 2044
2866 569
2866 1524
2866 1570
2866 1616
2866 2992
2867 396
2867 1784
2867 3121
2868 3127
2868 3488
2869 3060
2870 2407
2870 2479
2871 3056
2874 2752
2875 751
2876 673
2876 1068
2876 1098
2876 1828
2877 394
2877 2891
2879 2395
2881 331
2883 230
2883 1082
2884 7
2885 805
2886 1783
2886 1918
2886 2219
2886 2908
2887 2080
2887 2715
2890 821
2890 1521
2890 2057
2893 1211
2894 167
2894 451
2894 897
2894 1248
2894 2396
2897 1438
2897 1531
2898 415
2898 1742
2900 1962
2900 2665
2901 64
2901 1572
2902 1348
2904 1454
2904 2401
2905 2964
2906 273
2906 909
2906 2252
2908 1717
2908 2301
2908 2660
2909 803
2910 798
2910 1331
2910 3471
2911 723
2912 2347
2913 736
2913 1131
2913 2639
2914 2841
2914 3000
2915 1307
2915 2071
2915 2955
2915 3306
2916 8
2916 1926
2916 2926
2917 1612
2917 1672
2917 1829
2917 2315
2918 2240
2918 2630
2919 1363
2920 357
2921 1367
2921 2275
2922 275
2922 934
2923 3238
2924 3045
2925 212
2925 434
2926 948
2926 2195
2926 2894
2927 3380
2928 397
2929 600
2929 742
2931 564
2931 2180
2931 2205
2933 822
2934 1336
2934 3259
2935 2996
2935 3162
2936 1085
2936 2366
2936 3379
2938 1164
2938 1368
2938 2360
2938 2991
2940 666
2940 2009
2940 2532
2940 3174
2941 1586
2943 41
2943 447
2944 3477
2945 290
2945 671
2945 2154
2946 2432
2947 87
2948 304
2948 1234
2949 693
2950 491
2950 1085
2951 491
2951 2369
2952 309
2952 864
2953 2488
2954 2704
2954 2809
2954 2937
2955 130
2956 2000
2957 3277
2958 543
2960 308
2960 2661
2960 3197
2963 104
2963 1195
2965 1053
2965 1157
2965 2024
2965 2026
2966 558
2971 423
2971 2980
2971 3446
2972 870
2972 1221
2973 1317
2973 1855
2975 1351
2976 818
2976 954
2976 1357
2977 1573
2978 2306
2978 3417
2979 653
2979 2305
2980 2365
2980 2422
2980 2540
2982 2513
2982 2859
2984 1933
2986 1892
2986 2388
2988 3081
2989 408
2989 1053
2990 1484
2991 2930
2992 3008
2993 2143
2994 598
2995 2588
2996 364
2997 937
2997 1963
2998 790
2998 2147
2998 3381
2999 274
2999 613
2999 1561
3000 907
3001 2555
3001 3000
3001 3365
3002 1922
3002 2509
3002 3050
3003 2310
3003 2491
3003 2944
3005 2364
3007 737
3007 3443
3010 562
3010 2376
3011 70
3012 433
3012 1894
3012 2279
3013 2147
3014 2237
3014 2365
3014 2441
3014 3437
3014 3479
3016 952
3019 2614
3022 3
3022 753
3023 3187
3024 122
3024 586
3024 1902
3025 1348
3026 1573
3027 2530
3027 2584
3028 1861
3028 3256
3029 432
3029 3388
3030 1187
3032 436
3032 1206
3032 3201
3032 3407
3033 1247
3033 1294
3033 2124
3034 586
3034 2727
3036 1427
3037 653
3037 1474
3038 839
3038 1864
3038 2306
3038 2413
3039 119
3040 3439
3043 22
3043 635
3043 663
3043 2566
3043 3303
3044 1605
3044 2556
3045 3276
3046 2035
3047 2456
3047 3059
3047 3130
3048 2118
3049 1086
3049 1734
3050 1450
3052 1465
3052 3040
3052 3172
3053 1472
3054 1518
3055 115
3057 963
3057 3357
3059 803
3060 1989
3061 1548
3062 353
3062 1845
3062 2539
3062 2622
3064 1141
3065 3217
3066 1547
3068 2946
3070 2910
3072 2341
3074 1098
3074 1647
3075 1243
3075 2407
3076 1159
3076 2637
3076 2693
3077 113
3077 2022
3077 2257
3077 2481
3077 2497
3078 1628
3079 802
3079 3082
3080 1418
3080 2012
3080 2573
3080 3429
3081 1521
3082 3048
3082 3209
3083 1270
3083 2448
3085 2651
3086 400
3087 2325
3088 354
3089 1399
3089 1522
3089 3177
3091 1249
3091 2761
3092 2306
3093 2750
3094 1862
3094 2027
3094 2028
3095 225
3096 2286
3096 3076
3096 3255
3097 1514
3097 1629
3098 1653
3098 2907
3099 1362
3099 3159
3100 1402
3101 2542
3101 3198
3102 457
3102 3042
3103 111
3103 845
3103 1563
3103 2531
3104 2613
3105 216
3105 831
3105 1035
3105 1417
3105 1549
3105 2813
3106 2066
3108 1498
3108 3266
3110 258
3110 2328
3111 3139
3112 1667
3112 2098
3113 1246
3113 1298
3115 2000
3115 2025
3115 2420
3115 2529
3117 1966
3118 1339
3118 2276
3118 2955
3119 82
3119 1528
3119 3228
3120 909
3120 2537
3120 2590
3121 927
3121 3151
3123 1267
3123 1613
3123 2683
3123 2708
3125 656
3125 984
3125 996
3125 2216
3125 2385
3128 280
3128 1473
3128 1909
3129 2551
3129 2589
3130 871
3130 2360
3131 1462
3131 1720
3131 1735
3131 2263
3131 2321
3131 2545
3131 3173
3132 3109
3134 2403
3135 1108
3136 2228
3137 749
3137 916
3137 2542
3137 2620
3137 3110
3139 120
3139 2245
3140 740
3140 1823
3141 2949
3142 771
3142 1083
3142 1817
3142 2586
3143 252
3143 1553
3143 2813
3144 1849
3144 2901
3145 1652
3147 34
3147 531
3147 1120
3148 761
3149 219
3150 494
3150 3277
3151 1142
3152 2766
3153 1327
3154 776
3154 1740
3156 1342
3156 2045
3156 2051
3157 3479
3158 1869
3158 2157
3159 1000
3159 2870
3160 151
3160 2297
3161 86
3161 2672
3163 33
3163 2300
3164 878
3164 2089
3164 2817
3165 2036
3166 336
3166 1668
3168 8
3168 835
3168 2225
3168 2254
3171 1457
3171 1843
3172 1197
3173 3081
3174 3150
3175 471
3177 1109
3177 2243
3178 882
3179 1220
3181 290
3181 1225
3182 285
3182 453
3186 2952
3187 1678
3188 1739
3189 2351
3190 1556
3190 2028
3191 1609
3193 654
3193 3071
3193 3414
3194 2411
3195 1647
3197 12
3201 1434
3201 3462
3202 211
3202 1224
3202 2756
3202 3260
3204 2785
3205 2088
3205 3009
3206 1871
3206 2413
3209 240
3209 259
3210 330
3211 1009
3212 1053
3213 2544
3213 3382
3214 1932
3215 2307
3215 3454
3217 1285
3217 1416
3217 3067
3219 2044
3220 1403
3222 2422
3224 571
3224 1233
3225 156
3225 2699
3226 2402
3226 2873
3227 63
3227 1206
3229 1561
3229 1831
3230 1868
3230 2434
3231 3370
3232 1916
3233 407
3234 1442
3238 627
3238 1016
3238 2224
3238 2901
3238 2937
3239 712
3239 1508
3239 1894
3240 1501
3241 108
3241 562
3241 2188
3241 3261
3243 2492
3244 1289
3244 2337
3244 2639
3244 3082
3245 192
3245 2934
3247 371
3249 2398
3250 1497
3250 2368
3251 2274
3251 2410
3251 3371
3252 678
3252 1234
3253 435
3254 1185
3255 1665
3256 965
3256 1300
3256 2488
3256 2576
3256 3466
3258 1064
3258 2630
3259 2994
3262 2627
3262 2681
3264 831
3265 3410
3266 932
3266 1248
3266 2384
3266 2819
3266 3061
3266 3223
3268 763
3268 1350
3268 2244
3269 59
3271 1196
3272 1587
3272 3224
3273 643
3273 1440
3273 2082
3273 2997
3273 3040
3274 509
3274 1334
3275 803
3277 571
3277 2112
3277 2210
3278 969
3278 2132
3278 3119
3279 2867
3281 1397
3281 1731
3283 1422
3283 2406
3284 2410
3285 784
3286 2614
3287 1541
3287 2638
3289 2310
3291 665
3291 3313
3293 3401
3294 673
3295 298
3295 601
3295 2231
3295 3400
3296 52
3296 2489
3296 3373
3297 229
3297 3328
3298 640
3299 737
3299 1334
3299 2928
3301 663
3301 2035
3301 2550
3302 1270
3304 428
3304 1110
3305 956
3305 3021
3306 2588
3308 746
3308 1364
3310 908
3311 1105
3311 1737
3312 2394
3313 291
3313 299
3313 1967
3315 458
3315 1191
3316 2058
3316 2412
3316 2444
3317 336
3317 785
3317 1831
3318 136
3319 96
3320 2016
3321 1178
3322 605
3322 1389
3322 3357
3324 1270
3324 1534
3324 2881
3324 3255
3325 2021
3327 905
3328 1102
3332 1265
3333 858
3337 443
3337 1137
3338 456
3338 2605
3339 339
3339 2760
3340 985
3340 1840
3340 2012
3340 2021
3341 1109
3341 1544
3342 977
3344 1500
3347 1953
3347 2259
3348 512
3349 939
3350 464
3350 1793
3350 2101
3352 299
3353 2261
3355 941
3355 1784
3356 222
3357 932
3358 1862
3359 1357
3359 2435
3360 1842
3361 3433
3362 3333
3363 135
3364 1250
3365 2456
3366 1549
3366 2478
3368 2756
3368 2771
3370 2944
3372 2705
3373 847
3373 1063
3373 1416
3373 3016
3373 3104
3374 1768
3374 2125
3374 2145
3374 2334
3374 2694
3374 3454
3375 1171
3375 1593
3375 1628
3375 3063
3376 1378
3376 1995
3377 2003
3377 2463
3377 3351
3378 3166
3379 2952
3381 2582
3382 1787
3382 1817
3382 3066
3384 3033
3385 1692
3386 776
3386 1144
3386 2453
3386 2878
3387 1414
3388 2241
3389 2423
3390 1211
3390 1868
3392 1905
3392 3137
3393 1263
3394 263
3394 3159
3395 1063
3395 2039
3396 2825
3396 3118
3397 496
3397 1299
3401 424
3401 939
3401 1376
3401 2827
3404 630
3405 1119
3405 1366
3406 510
3406 826
3406 1466
3406 1983
3406 2726
3407 801
3409 252
3409 2499
3411 2275
3411 2343
3411 2418
3412 1680
3413 886
3413 3273
3414 3196
3415 1058
3415 1426
3416 1695
3417 2125
3418 612
3420 906
3422 402
3423 811
3423 1304
3424 3331
3426 130
3426 1267
3426 1945
3426 2507
3427 2860
3427 3224
3428 437
3428 1338
3428 1946
3428 3416
3429 765
3429 1712
3429 3053
3430 1162
3431 444
3431 2069
3433 2924
3433 3244
3435 2887
3436 3321
3438 75
3438 1364
3439 2570
3441 37
3441 1825
3442 2186
3442 3240
3442 3478
3443 887
3444 158
3444 422
3444 1107
3444 1939
3445 1462
3445 2185
3445 2407
3446 1990
3448 971
3448 1544
3448 2153
3449 267
3449 2403
3450 3416
3453 438
3454 1174
3454 2042
3455 1352
3455 2531
3456 2524
3459 1371
3459 3494
3460 839
3460 1117
3460 3058
3461 2048
3462 1042
3462 1289
3464 2969
3467 1551
3468 1630
3468 3459
3469 209
3469 1055
3470 1441
3472 40
3472 727
3472 3391
3473 1985
3474 937
3474 3279
3475 2968
3476 1746
3477 123
3478 2789
3481 2944
3482 1223
3482 2917
3483 794
3483 1798
3483 2285
3483 2793
3484 933
3485 1422
3485 1606
3487 386
3487 716
3487 2296
3488 2809
3488 3266
3489 1269
3491 2367
3492 241
3492 1316
3493 3332
3495 216
3496 2748
3496 3290
3497 3478
3498 842
3500 1350
3501 621
3501 1604
3501 2056
