5001
10002
1 1630
1 1694
1 2503
1 2571
1 4393
2 3240
3 532
3 2698
4 3462
5 1605
5 2709
5 3013
6 1225
7 4083
7 4403
8 3827
9 2509
9 2669
9 4212
10 899
11 3540
11 4768
12 433
12 4766
13 38
13 1460
13 2049
13 3438
13 4070
14 635
15 1825
15 4799
16 16
16 2101
16 3824
16 4213
17 166
17 3723
18 723
18 3799
18 4290
19 1986
19 2446
20 1262
21 4066
22 193
22 874
22 2955
23 2732
23 3796
24 1767
24 2500
24 3938
24 4121
25 874
25 3774
27 920
27 1570
29 4145
30 3008
30 4529
32 1532
32 4182
34 542
34 1278
34 3319
35 4770
36 1832
36 2769
37 560
38 1120
38 1292
38 2100
38 4533
39 1225
39 3494
40 812
40 4139
40 4583
41 70
41 958
41 962
41 3170
41 4456
42 689
42 741
42 2136
42 3063
43 1904
44 3119
45 2743
45 3870
45 3886
45 3943
45 3989
45 4288
46 183
46 4507
47 1637
47 4543
47 4761
48 1522
48 3770
49 4851
50 3392
50 4609
50 4654
51 2485
51 4262
52 3973
53 2616
54 2509
54 3729
54 4356
55 368
55 3896
56 3365
56 3435
56 4290
57 146
58 2937
59 950
60 335
62 1073
62 1289
62 1740
62 3035
63 1389
63 2665
63 2685
63 2844
63 3270
63 3518
64 4663
65 922
65 924
65 1387
65 2523
66 2160
68 2101
68 2463
69 175
69 1221
70 2873
70 2892
70 3594
70 4479
71 2153
71 2612
73 3293
73 4165
74 3524
75 1043
75 2700
76 1718
77 519
77 1579
77 2874
77 3118
77 3253
78 1232
80 4355
81 831
82 3528
82 3866
84 1990
85 4249
86 154
86 4080
86 4089
87 747
87 4009
88 1613
89 2831
91 927
92 1000
94 64
94 3292
94 4991
95 6
95 1004
95 2044
95 3737
96 4056
97 2672
97 4807
98 1068
99 1469
99 4037
100 620
100 2903
100 4225
101 574
101 2906
102 7
102 993
102 2822
102 4881
102 4992
103 338
103 516
103 1195
105 1031
105 3186
106 2903
106 3805
107 2280
107 4951
108 2874
108 3666
109 3537
109 4959
110 1282
110 2311
111 2859
112 822
112 3485
112 3602
113 19
114 662
114 4129
115 682
116 784
116 4474
117 1125
117 2927
117 4455
118 2182
118 3917
119 866
121 511
122 4390
122 4658
123 3535
123 4324
123 4568
125 2168
125 3569
125 4636
126 1750
126 4268
127 4441
129 1911
131 3504
132 861
132 946
132 1406
132 4101
132 4748
132 4845
134 3624
134 4290
135 1851
135 4287
135 4334
136 170
136 1483
137 1151
138 1174
138 2200
139 1153
139 3807
140 2650
141 746
141 838
141 992
141 1318
141 1881
141 3791
142 1793
142 1883
142 4901
142 4976
143 3862
144 867
144 1601
144 2955
145 252
145 325
146 1149
146 1501
146 1544
146 2738
146 2776
146 4338
147 3271
148 1692
150 145
150 1536
151 1910
151 2172
151 3771
152 519
152 3725
152 4537
153 730
153 1862
153 2861
153 4205
155 3299
156 1359
156 2190
157 1302
157 4307
158 4790
159 1812
159 2742
160 1349
160 3159
161 4498
161 4702
162 2622
163 9
163 25
163 2095
163 3543
163 3600
163 4071
164 187
164 2557
165 4414
166 719
166 4921
166 4924
167 4449
168 1002
168 1408
168 2734
169 1557
170 3232
171 1787
171 2599
171 3095
171 3934
171 4002
172 172
172 1098
172 2426
173 762
173 2159
173 2691
173 4236
174 2952
174 3574
175 2118
175 3982
175 4440
176 1132
176 4010
177 3066
178 850
178 3857
178 4165
179 318
179 2470
179 3429
179 3627
180 1126
180 1240
180 1385
180 2315
181 2325
181 4091
181 4713
182 1244
182 4662
183 1498
184 2771
185 1776
185 3648
187 1775
187 1788
187 2234
187 2569
187 4064
188 1171
188 2864
189 1747
189 2195
189 2599
190 182
190 3797
191 362
191 1763
191 3760
192 125
192 4831
193 957
193 2638
193 3753
195 3330
195 3529
195 4796
196 1255
196 2730
196 4067
197 3479
197 3500
198 86
198 583
198 1229
198 4928
200 1434
201 3168
201 4160
202 3927
202 4798
203 1432
203 2861
203 3764
204 1588
204 3052
204 3650
206 280
206 2687
206 3092
207 3375
208 2454
209 2738
209 2929
209 3454
209 4662
210 612
210 1705
211 2810
212 1549
214 2782
214 4737
215 939
215 1072
215 1554
215 2547
216 30
216 249
216 2508
216 2690
216 3576
217 633
217 1734
218 1710
218 2478
219 66
219 301
219 3291
220 767
221 666
223 477
223 1691
223 2791
223 4657
224 2864
224 4124
225 3240
228 725
228 1482
228 3295
228 3854
229 2612
229 4964
230 260
230 1031
230 2128
231 3250
231 3289
231 4253
231 4726
231 4873
232 2911
233 1689
234 2037
234 2186
234 4584
235 3904
236 4121
236 4893
237 3091
237 3247
238 936
238 4424
240 1719
240 3282
240 3924
240 4592
241 4320
242 80
242 3350
242 4658
243 459
243 480
243 4181
244 1400
245 602
246 1949
247 2101
248 2176
248 2223
248 2310
248 4363
248 4601
249 1786
249 2440
249 3966
250 3009
251 1868
251 2626
251 3591
251 4648
251 4730
252 271
253 626
253 2641
253 4763
254 2887
255 85
255 2372
255 3204
255 3829
256 4907
257 677
257 1996
257 3439
257 4816
258 575
258 3507
259 495
259 922
259 2315
259 3727
260 1608
260 3920
260 4661
260 4899
261 4
261 162
261 4021
262 189
262 1563
262 4369
263 728
263 1801
263 3096
264 3476
265 3380
265 3433
266 145
267 86
268 343
269 500
269 1139
270 2953
270 4524
272 1962
272 2398
273 3302
273 4719
274 398
274 4185
276 538
276 812
276 4268
277 4546
278 2995
279 1729
279 4052
279 4656
280 989
281 597
282 2183
282 3021
282 3676
282 3761
283 219
283 1242
284 209
285 4943
287 407
287 4772
288 4
288 2372
288 3966
289 581
289 3327
290 3672
291 2972
292 3582
292 3876
292 4613
292 4769
294 908
294 2059
294 3885
294 4864
295 1702
295 1990
295 3525
296 3238
296 3331
296 4020
297 1062
297 2305
297 3466
297 4161
297 4576
298 584
298 2145
299 2092
299 4762
299 4949
301 3802
302 316
302 359
302 4435
302 4770
303 758
305 953
305 2219
305 3117
305 4363
306 1395
306 1809
306 2425
306 4484
307 2817
307 3938
308 328
310 4195
310 4516
312 972
312 2818
312 3649
312 4466
313 720
313 1733
313 4511
314 510
314 585
316 1023
316 1097
316 2366
316 3914
316 4143
317 1935
318 2367
319 4915
320 2821
320 3429
321 4908
322 2698
323 3064
323 3819
323 4143
324 3867
324 4016
325 839
325 4014
325 4332
326 2912
326 3070
327 1405
327 4686
329 3088
330 74
330 4462
331 289
331 1925
331 2381
331 2885
331 4039
331 4881
332 926
332 3131
332 4197
332 4763
334 375
334 4468
335 50
335 3624
336 268
336 4878
338 511
338 2658
338 3895
339 1327
339 1743
339 3377
340 686
340 4933
341 3129
341 3284
341 3363
342 1920
342 2398
342 4119
343 62
343 4506
343 4532
343 4930
344 1340
345 633
345 4293
346 1406
346 1552
346 2654
347 1025
347 3593
347 4687
348 1185
348 4307
350 276
350 900
350 2805
351 410
352 1002
354 3142
354 3662
355 2330
355 2711
355 4611
356 4802
358 1564
359 1910
359 3380
360 908
360 3612
360 3770
360 3772
361 630
361 2588
362 1404
362 4421
363 365
363 1885
363 3178
364 513
364 2337
365 970
365 1318
365 2419
365 2551
365 3633
366 1810
366 1897
366 2887
367 319
367 941
367 4774
368 2843
368 3138
368 4021
368 4084
369 811
370 3186
371 21
371 220
371 1052
372 744
372 1649
372 2125
372 4482
372 4936
373 107
373 1148
374 768
374 989
374 4197
375 2939
376 1793
377 556
377 1836
378 286
378 3487
379 2419
380 518
381 363
381 3744
381 4389
382 641
382 4325
383 4462
384 154
384 781
384 791
384 1822
384 4259
384 4698
385 4668
386 1257
386 1832
386 2008
387 1247
387 3456
388 841
388 961
388 3702
388 4366
389 2277
389 2526
389 4164
389 4494
390 545
390 2215
391 923
391 3207
392 135
392 2375
393 924
393 2285
393 2420
393 2809
393 3828
393 4738
395 2775
397 115
397 1947
398 1785
398 1951
398 3785
399 1047
400 3476
401 1154
402 51
402 4624
403 731
403 1496
403 3340
403 3919
404 1106
404 2390
404 3497
404 3612
405 3169
405 3228
405 4708
406 2100
406 4855
407 181
407 3614
407 3855
408 486
408 824
409 2725
409 3498
409 4225
409 4329
410 4331
410 4655
410 4967
411 1473
411 2305
412 216
412 4289
414 2014
414 3381
414 3575
415 567
415 1896
415 4607
416 787
416 1304
416 4127
417 2756
417 3650
418 23
418 877
418 2278
419 436
419 513
419 4091
420 1763
420 1809
420 4409
420 4852
421 866
422 1252
422 2140
423 1075
423 3089
424 275
425 1646
426 614
426 632
426 2061
427 948
427 2181
427 3074
428 547
429 416
429 3880
430 1417
432 806
432 1248
432 3845
436 3578
437 1515
438 4083
440 214
440 3142
440 4158
441 894
441 923
441 969
441 1232
442 3348
443 3524
445 387
445 1719
445 2255
445 3046
445 4520
445 4860
446 334
446 2367
447 4580
450 1454
450 3888
452 4440
452 4916
453 1081
454 4925
455 435
455 1318
455 2292
456 2888
457 810
457 987
457 2532
458 484
458 647
458 4045
458 4232
459 4290
459 4576
460 2455
460 3099
461 709
461 3730
462 1538
462 2646
464 3135
464 4520
465 2797
465 4372
465 4793
465 4949
466 3772
467 1902
467 4467
468 3749
468 4328
469 3187
469 4899
471 3677
471 4452
471 4720
472 1859
472 2736
472 3567
473 521
473 3622
474 626
474 813
474 3725
474 4840
475 560
475 2841
475 2899
475 3619
475 4980
476 903
476 2030
476 2443
476 3574
476 4319
478 732
478 1836
478 2544
478 4437
479 2789
479 2882
479 3702
479 3936
481 738
481 3592
482 705
482 4747
483 1964
484 2673
485 1210
485 1779
485 2502
485 3492
486 2448
486 4844
487 1296
487 3799
487 4742
488 3947
489 1344
489 1655
489 2631
489 4012
490 575
491 130
491 307
492 3231
492 4277
493 3729
493 4500
494 1857
494 2941
495 2894
496 2093
496 4655
496 4809
497 4456
498 4913
499 563
500 548
500 2039
500 2062
501 896
501 1964
501 2734
501 4205
502 555
504 3284
504 4259
505 3914
506 2507
506 4107
507 3902
508 3337
509 2998
510 92
510 127
510 324
510 849
510 1945
510 4237
511 56
511 542
511 3299
511 4240
511 4524
512 3748
512 4364
512 4426
514 2016
514 3852
515 2085
515 2359
515 3370
516 362
516 948
517 1080
517 1569
517 4122
518 144
518 4620
519 391
519 3163
519 3660
520 3065
520 3638
521 1628
522 3663
522 4767
523 733
523 1341
523 2127
523 3799
523 4243
524 2846
524 4173
525 1252
525 3217
526 3014
526 3306
527 2841
528 210
528 811
528 1441
528 2945
530 1327
530 1839
530 2990
531 1423
531 2392
531 2487
531 3391
532 4253
533 452
533 3215
534 586
534 1483
534 1853
535 1662
535 4757
536 1209
536 1518
537 668
537 1845
538 2449
538 2856
538 4263
539 1011
540 4950
541 3268
541 4990
542 678
542 2744
542 4789
543 2248
543 3248
544 3498
544 4690
545 2244
547 989
547 1952
547 2961
548 2002
548 2295
548 3303
550 1152
551 19
551 3873
551 4590
552 1713
552 2460
553 1449
553 3301
554 1627
554 2040
555 2035
556 2342
557 3679
558 1616
558 3140
558 3249
559 1975
559 2895
560 844
561 909
561 4303
562 390
562 3027
562 3885
563 3017
564 384
564 3845
564 4255
564 4671
565 1847
565 2698
565 3413
565 3601
566 217
566 412
566 4177
566 4807
567 2241
568 156
568 316
568 787
570 1406
571 4631
572 2734
572 3212
573 67
573 3808
573 4426
574 1366
574 1706
574 2833
575 163
575 2488
577 3959
578 850
579 542
579 547
579 1251
579 1811
579 3526
579 4535
581 1462
581 1509
581 2303
581 2593
581 2894
581 4029
582 2630
582 2766
582 4738
583 480
583 1602
583 4483
584 1320
584 2655
585 2883
586 899
586 4087
587 458
587 1169
587 1434
587 3039
588 450
588 1108
588 1158
588 3058
588 3758
589 2452
590 588
591 1738
591 2212
591 4787
593 950
593 1398
594 4785
595 3734
596 2131
596 2271
596 2750
596 3076
596 3499
597 3754
598 3320
598 3448
598 3940
599 3089
600 2317
600 2957
601 1658
601 2433
601 3555
603 3359
603 3523
603 3825
604 726
604 2345
604 4442
605 866
605 2424
605 3194
605 4309
607 529
607 3074
608 1771
609 379
610 3607
610 3747
611 607
611 3023
612 1940
612 3253
612 3376
613 4496
615 3686
616 1849
617 542
617 3711
618 1466
618 2747
619 1658
619 3727
620 1041
620 3435
621 1775
621 2215
621 2821
622 522
622 704
623 4915
624 3637
624 4639
625 2727
625 3697
625 4628
626 18
627 1212
627 3266
627 3642
629 1811
629 2469
629 3253
630 1712
630 4732
631 2816
631 3555
631 4346
631 4487
633 2186
633 3925
633 4382
634 4430
635 2361
636 808
637 2919
637 3027
638 705
638 3639
639 4216
641 2534
641 3962
642 3494
642 3528
642 3662
643 2353
644 395
644 3836
645 3745
645 4464
645 4690
646 3217
646 4954
648 167
648 751
649 838
649 1630
649 3508
649 4276
649 4768
650 2422
650 2432
650 2996
651 1740
651 3524
651 4705
652 102
652 115
652 3344
652 3920
653 2724
653 3280
653 3894
654 1324
654 4379
654 4789
655 668
655 3906
655 3940
656 1333
656 3219
657 4389
658 3793
658 3880
659 4890
660 2337
660 4085
661 17
661 1255
662 4332
663 676
663 3050
663 3167
663 4598
667 207
667 646
667 3091
667 4439
670 1838
670 2078
671 803
671 2345
671 3535
671 3810
672 994
672 1780
672 2948
673 1878
674 586
674 1975
674 4191
675 341
675 1533
676 394
677 4275
677 4609
678 82
678 939
678 4545
679 1498
680 1259
680 1926
682 3293
683 2970
685 934
685 1901
685 3961
686 2123
686 3326
686 4386
686 4838
687 540
687 4790
688 3152
688 4185
688 4563
689 226
689 1898
689 2327
690 2198
690 3949
691 4680
692 2951
692 2975
692 4109
693 757
693 1525
693 2651
694 843
694 2002
695 1221
695 2123
696 1571
696 1678
696 4961
697 1579
697 2480
698 2860
700 3945
701 1533
702 1720
702 1906
702 4536
703 3069
703 3074
703 4259
704 3329
705 2562
706 716
706 1221
706 1626
706 2952
707 3882
708 1909
709 156
709 2704
710 1327
710 2678
710 3357
710 3359
710 4952
711 1435
712 1237
713 130
713 1863
713 2664
713 4908
715 249
715 1048
715 1848
716 4547
716 4692
717 641
717 2831
718 521
719 4717
720 2295
721 1002
721 4434
722 1893
722 4644
724 292
724 1153
724 2552
724 2772
724 4355
725 251
725 4850
727 2260
727 2803
729 2077
729 4308
729 4566
731 661
731 1667
731 3190
732 1788
732 3484
732 3537
733 1667
733 4292
733 4938
733 4974
734 1182
734 1706
734 3236
734 3634
734 4447
735 2692
735 3748
735 4436
736 1878
736 4578
737 562
738 3995
739 1284
739 1845
739 2152
740 667
740 4178
740 4264
741 2035
741 2373
741 4423
742 2651
743 3348
743 3962
743 4045
744 1379
744 3660
745 485
745 2615
745 4329
746 4588
747 782
748 761
748 1931
749 714
749 4864
750 2087
751 3288
751 4914
752 2385
752 3506
753 1476
754 2192
755 2196
755 4115
755 4359
756 1610
757 633
757 1876
757 4034
757 4637
757 4766
758 2116
759 1217
760 2392
760 2525
762 2690
762 2912
763 91
763 664
764 1391
765 705
765 1061
765 1111
765 1602
766 1458
766 4683
767 4227
768 2709
768 4290
768 4455
769 1956
769 2558
771 468
772 357
772 1911
772 3489
772 3913
773 814
774 1373
774 3468
774 4576
775 472
775 2499
776 583
777 3022
778 31
778 1292
778 1451
778 3377
779 843
779 1384
779 2586
779 2665
780 838
780 1958
780 2353
780 4817
781 164
781 422
781 4347
782 907
782 2065
783 4734
784 3754
785 2766
786 1451
787 2878
787 3101
788 837
789 2219
790 31
790 1043
790 4303
791 191
791 648
791 1070
791 2340
791 4593
792 1607
792 2102
793 125
793 1302
793 1640
793 1729
793 4086
793 4197
793 4354
794 167
795 34
795 2197
796 36
799 4019
799 4782
800 4935
801 754
801 4839
801 4880
801 4960
802 818
802 1178
802 2728
802 4649
803 862
803 4019
804 972
804 1574
804 4063
805 2657
805 2683
806 3387
807 1903
807 2056
807 3388
809 1814
810 4724
812 2191
812 2695
812 3683
812 3763
812 4232
813 369
813 3395
813 3825
813 3843
814 457
814 2092
814 2433
814 2506
814 2549
815 110
815 3207
815 3861
816 1606
816 2002
816 3129
817 826
817 900
817 1084
819 1293
820 2158
820 4859
822 2555
822 3516
822 4624
824 25
824 4293
825 3504
826 2567
826 2591
826 3209
826 3320
826 3817
826 4655
829 2539
829 3456
829 3522
830 2077
830 2738
831 3341
831 3776
832 842
832 1043
832 3310
832 3572
833 4956
834 2733
835 2055
835 3092
835 3170
835 4468
837 313
837 1170
837 1756
837 4053
838 2599
838 2703
838 3740
838 3790
839 1461
839 1536
839 4177
840 164
840 362
840 1087
840 3419
840 4886
841 673
841 1401
841 4624
843 299
843 1651
843 2625
843 3347
843 3920
843 4490
844 3530
845 4135
846 4622
846 4700
847 1498
847 2859
848 1441
848 2810
852 3328
853 1444
854 1402
854 3777
854 4616
855 1583
855 1624
856 2300
857 1924
857 4488
858 3637
859 2062
859 2302
860 1857
860 2079
860 3045
860 4475
861 1426
861 4899
862 217
862 3000
863 377
863 1322
864 70
864 601
864 1954
865 1140
865 1624
865 2087
866 1311
867 2596
867 4693
868 1596
869 1487
869 2201
871 2376
871 2938
871 3497
873 427
873 866
873 4937
874 2856
874 4470
874 4903
875 267
875 2226
875 2347
875 3133
876 1425
877 3501
878 2585
878 3967
878 4391
880 480
880 1154
880 2069
880 2299
880 2671
881 3404
882 1137
882 1514
882 1756
884 2641
884 2938
884 4333
884 4894
886 190
886 1369
886 1460
886 3819
886 4522
887 3970
888 1716
888 3473
888 4737
889 103
889 2706
889 3987
891 2960
892 414
893 574
893 4721
894 273
894 3325
895 864
896 1180
896 1850
897 1500
898 603
898 2137
899 2685
899 4158
899 4291
900 1250
900 1904
900 2778
900 3864
901 2789
901 3051
903 1979
904 2567
905 550
905 2614
906 294
907 3222
907 3348
908 2176
908 4781
909 304
909 1756
909 3407
909 4139
909 4254
909 4509
910 1581
911 625
911 3253
912 2993
912 4323
912 4507
913 282
913 3372
913 3755
914 18
914 3266
915 2479
915 4165
915 4266
916 268
916 957
916 2042
917 152
917 2249
917 4135
917 4624
918 216
918 2385
918 2783
918 4030
919 1165
919 3093
920 622
920 2275
920 4314
922 1198
922 3037
922 3422
924 151
924 3933
925 2175
925 4519
926 600
927 2335
927 2632
927 3249
928 188
929 1622
930 3588
930 4195
931 1446
931 3290
932 1346
932 3984
933 1679
934 1269
934 1430
934 2527
934 2738
934 4073
935 1812
938 1367
939 636
939 1562
939 3737
939 3975
940 3698
941 2314
941 3513
942 44
942 4297
944 1282
944 1344
944 3412
944 4824
945 1567
945 3906
946 1490
946 1509
946 4800
946 4851
947 4230
949 2270
949 3469
951 733
951 1620
951 2932
951 3508
952 1324
954 481
954 2639
954 4333
955 144
955 2452
955 2500
955 4732
955 4989
956 861
957 732
957 2014
957 4294
958 6
958 722
958 1051
958 2970
958 3414
958 4311
959 2135
959 3702
961 2560
961 4347
962 1577
962 2594
962 4545
962 4967
963 1553
964 2131
964 2397
965 1042
965 1096
965 2754
965 3607
966 91
966 1038
966 1957
966 3203
967 3374
967 4097
971 17
971 3080
972 2040
972 3208
973 73
973 4021
975 4488
976 2215
976 2741
976 3576
977 3066
977 3478
977 3843
977 4334
978 4365
979 1096
980 3088
981 622
982 1797
982 2036
982 2900
982 3876
983 2691
983 3763
984 2435
984 2758
984 3161
984 4925
985 2646
985 2774
985 4030
986 413
987 282
987 809
987 1373
987 1963
988 1893
989 1960
989 2644
989 3536
991 431
991 1648
991 4089
993 487
993 966
995 645
995 3704
996 768
996 4788
997 116
997 3848
998 823
998 2662
998 2912
999 2308
1000 2130
1001 204
1001 2594
1001 4017
1001 4984
1002 1843
1002 3657
1003 789
1004 2483
1004 3080
1005 3403
1005 3735
1006 2519
1006 4734
1007 2782
1008 1710
1009 346
1009 1293
1009 2129
1009 3491
1010 128
1010 3490
1011 264
1011 3673
1011 4459
1014 1295
1014 1621
1015 75
1015 3990
1017 3574
1017 4692
1018 441
1018 945
1018 3177
1018 4632
1019 284
1019 615
1020 4108
1021 1476
1021 2032
1022 4521
1023 4076
1024 6
1025 3121
1026 1150
1026 2309
1026 2998
1026 3167
1027 1122
1027 3691
1027 4920
1028 1657
1028 4192
1029 280
1030 2714
1030 2726
1031 4109
1034 113
1034 919
1034 1177
1034 2968
1034 4771
1035 805
1035 4096
1035 4772
1036 948
1036 2154
1037 1662
1038 466
1038 962
1038 1175
1038 2575
1039 1396
1040 204
1040 916
1040 3489
1042 1197
1042 1681
1042 4020
1044 1118
1044 2368
1044 2845
1045 4960
1047 1728
1047 2812
1048 3843
1049 1617
1049 2370
1049 2525
1050 3931
1051 350
1051 424
1051 1081
1051 2585
1051 3076
1052 1818
1052 3918
1052 4963
1054 909
1054 2975
1055 3421
1055 3627
1057 1871
1057 2728
1058 1245
1058 1879
1059 997
1059 1185
1059 3633
1060 3330
1060 3709
1060 4819
1061 3129
1061 3499
1062 2066
1062 2545
1062 2610
1062 2998
1063 1202
1063 4204
1063 4507
1064 3102
1066 1460
1066 3003
1066 3016
1067 228
1067 869
1067 3215
1067 4366
1068 257
1068 2264
1068 2819
1069 2534
1070 466
1070 2295
1071 935
1072 150
1072 1084
1072 2241
1073 2309
1073 4952
1074 2558
1074 2846
1075 4741
1076 3162
1077 2855
1077 4334
1078 1082
1078 1697
1078 4642
1079 4616
1080 4793
1081 4705
1082 2768
1082 4005
1084 803
1084 853
1085 1753
1085 2315
1086 2643
1086 3086
1087 66
1087 100
1087 2019
1087 2861
1088 2274
1088 3284
1088 3890
1089 1829
1089 3315
1091 800
1091 3699
1091 3904
1092 1072
1093 4489
1093 4776
1093 4881
1094 65
1094 1069
1094 1568
1094 4192
1094 4862
1095 3149
1095 3259
1097 892
1097 3280
1097 3626
1098 144
1098 1282
1098 2342
1099 4369
1099 4765
1100 526
1100 2874
1101 306
1102 2009
1102 3523
1103 3372
1103 4526
1104 1548
1104 4995
1105 3474
1105 3867
1105 4381
1107 2102
1107 4009
1107 4128
1108 313
1108 332
1109 2774
1109 3859
1109 4865
1110 2786
1111 1406
1111 2197
1112 981
1112 3145
1113 1614
1113 2821
1113 4289
1114 4303
1116 2184
1118 241
1119 798
1119 4494
1120 3591
1121 2440
1122 707
1122 1286
1122 1797
1122 2303
1123 1283
1123 3086
1123 4394
1124 810
1124 2190
1124 4392
1126 4985
1127 89
1127 1345
1128 807
1128 4870
1130 1349
1130 1560
1130 2804
1130 3900
1130 4499
1131 1343
1131 4390
1132 1512
1132 1523
1132 1973
1132 3021
1132 3269
1132 3405
1133 1334
1133 2724
1133 3092
1133 3424
1134 631
1134 3031
1135 1083
1135 1356
1135 3858
1136 2933
1136 3559
1137 25
1137 1906
1138 1091
1138 1697
1138 3082
1138 3116
1138 3838
1139 858
1139 2873
1139 4140
1139 4431
1139 4433
1140 2427
1142 364
1142 1637
1142 3138
1142 3286
1142 3968
1143 2354
1144 950
1144 1770
1144 3768
1144 4744
1145 4448
1146 1336
1146 4121
1147 39
1147 2839
1148 979
1148 2420
1148 2744
1148 3721
1149 3141
1150 3840
1151 1744
1151 2430
1151 3306
1152 765
1152 2339
1152 2840
1153 327
1153 1926
1153 2004
1154 980
1154 985
1154 3837
1155 165
1155 3416
1156 997
1157 1265
1157 3999
1158 733
1158 1914
1158 2962
1159 1415
1159 2768
1162 74
1162 2706
1163 2977
1163 3371
1163 3809
1164 864
1164 925
1164 2401
1164 3052
1164 3254
1165 515
1165 1083
1165 2181
1165 2267
1166 3430
1166 4248
1167 2802
1167 2976
1168 694
1168 1821
1168 2370
1168 4931
1169 347
1169 862
1169 873
1169 3927
1170 1584
1171 143
1171 1639
1171 3567
1172 83
1173 45
1173 1920
1174 89
1174 1559
1174 1758
1174 3571
1175 1073
1175 2581
1175 4014
1175 4215
1175 4594
1177 838
1178 4096
1179 277
1179 1260
1179 2963
1179 4684
1180 3233
1181 668
1182 762
1182 3766
1182 4382
1183 485
1183 660
1183 2592
1183 4379
1185 258
1185 2121
1185 2629
1186 138
1186 2676
1186 3096
1186 3372
1187 4254
1187 4453
1187 4734
1188 4503
1189 1666
1190 1730
1191 554
1191 2640
1192 318
1193 1319
1193 2960
1193 3827
1193 3882
1194 2282
1194 2349
1194 2875
1194 4879
1195 2837
1195 3264
1195 3771
1195 4800
1196 1287
1196 3460
1197 1133
1197 2798
1197 3774
1198 1116
1198 1337
1199 575
1199 2270
1200 926
1201 3772
1201 4240
1201 4282
1202 3120
1203 579
1203 642
1203 2161
1204 2027
1204 2247
1205 2545
1206 435
1206 1570
1206 2799
1206 4416
1207 4225
1208 1071
1208 1328
1208 2868
1209 3066
1209 3547
1209 3867
1210 1121
1210 4421
1212 4363
1213 1482
1213 2252
1214 2435
1214 4388
1215 4835
1216 2298
1217 2225
1217 2631
1217 2924
1217 3125
1217 4209
1219 2530
1219 3159
1220 4088
1222 944
1222 2749
1222 4315
1223 4488
1224 945
1224 4519
1225 644
1225 1135
1226 4429
1226 4622
1227 3978
1228 2242
1228 4536
1230 385
1230 1648
1231 4803
1232 3477
1234 3024
1234 4224
1234 4475
1235 288
1235 1083
1235 1300
1235 2703
1237 1913
1237 3530
1243 2317
1244 728
1244 897
1245 741
1247 1092
1248 1404
1248 2147
1248 4750
1249 127
1249 437
1249 4335
1250 2754
1252 3657
1252 4753
1253 1825
1253 2950
1254 796
1254 1631
1254 1978
1254 2712
1255 299
1255 2072
1255 3985
1256 187
1257 72
1257 2535
1257 3911
1258 2393
1259 2488
1259 2938
1259 4215
1260 3402
1260 4284
1261 1688
1262 1022
1262 4323
1263 353
1263 3366
1264 3661
1265 2209
1266 1485
1267 533
1267 1223
1268 15
1268 2010
1268 2171
1268 3758
1268 4167
1268 4355
1269 1855
1269 2631
1270 1306
1271 1824
1271 3757
1272 2787
1272 3494
1273 932
1273 1527
1273 2184
1273 2469
1274 913
1274 1405
1274 2002
1274 2686
1274 4678
1274 4927
1275 2600
1275 4479
1276 3429
1278 1836
1278 3314
1279 3312
1279 3340
1279 4245
1279 4582
1280 1179
1280 4528
1281 2415
1281 3325
1282 4550
1283 139
1284 3037
1284 3099
1284 3884
1284 3946
1285 2194
1285 4153
1286 833
1286 2468
1286 2520
1286 3879
1286 4099
1287 3491
1288 841
1288 1530
1288 1695
1288 3852
1290 402
1290 4438
1291 188
1291 881
1291 1265
1291 2307
1291 4706
1292 1717
1292 4344
1293 128
1293 1496
1293 1993
1293 3688
1294 1343
1294 1372
1294 4117
1296 2816
1297 467
1297 2569
1298 1643
1298 3070
1299 1186
1299 4306
1300 1986
1300 4532
1300 4719
1300 4773
1301 296
1301 1809
1301 3771
1302 546
1302 3269
1302 4733
1303 1003
1303 4894
1304 2457
1304 4315
1305 1314
1305 2549
1306 147
1306 692
1306 2069
1306 2847
1306 3593
1306 3981
1306 4033
1307 108
1308 1446
1310 2295
1310 2530
1310 3307
1311 963
1311 1585
1311 2255
1313 1713
1313 1942
1314 4682
1315 101
1315 2010
1316 5
1316 2039
1316 4449
1318 176
1320 2864
1320 4434
1320 4650
1321 93
1321 1921
1322 2091
1322 3089
1323 296
1323 1725
1323 1922
1324 215
1325 3098
1327 1515
1327 3427
1328 22
1329 1549
1329 2982
1331 2553
1331 3786
1333 852
1333 3231
1333 4622
1335 475
1335 4590
1337 198
1337 1361
1337 3206
1338 4256
1338 4544
1338 4602
1339 196
1339 3993
1340 622
1340 3225
1340 3899
1340 4397
1341 1373
1341 4305
1342 221
1342 1959
1342 2492
1343 2073
1344 708
1345 1683
1346 1219
1346 3704
1346 3879
1347 80
1347 712
1347 1282
1347 2179
1349 3919
1349 4205
1350 17
1350 3540
1351 3415
1351 4326
1352 60
1352 1119
1352 1552
1352 2784
1352 4135
1353 2359
1353 4845
1354 743
1354 3549
1354 4384
1354 4588
1355 4474
1355 4602
1355 4672
1356 1175
1356 4321
1356 4402
1357 3706
1357 4321
1358 1105
1358 1177
1359 3326
1359 3981
1360 304
1360 419
1360 682
1360 4762
1361 2066
1361 3535
1362 4386
1363 2359
1364 4211
1365 293
1365 2323
1366 686
1366 1497
1366 1992
1366 2568
1366 2657
1366 4272
1367 3712
1368 511
1369 482
1369 645
1369 2388
1370 96
1370 2474
1373 1520
1373 3466
1373 4580
1374 2606
1375 2028
1375 2090
1375 4392
1375 4430
1376 1322
1376 3545
1376 3578
1377 1166
1377 2751
1378 1165
1379 694
1379 3534
1380 289
1380 4594
1380 4895
1381 3657
1382 602
1382 831
1383 1051
1383 3683
1384 4445
1385 3699
1385 4132
1386 1614
1386 1978
1386 2578
1386 3235
1387 2630
1388 4056
1389 2991
1389 3186
1390 3389
1390 4254
1391 4029
1391 4835
1391 4947
1392 1472
1392 2446
1392 4431
1392 4446
1393 1623
1394 890
1394 1295
1394 3428
1394 4621
1395 977
1395 1766
1395 2390
1395 4913
1396 65
1396 350
1396 984
1397 234
1397 2283
1398 1120
1398 3481
1398 4636
1399 2043
1399 3086
1399 4655
1401 17
1401 1817
1401 3162
1402 695
1403 101
1403 124
1403 2563
1403 4954
1404 4449
1405 1744
1406 770
1406 2467
1406 3280
1407 793
1407 1419
1407 1796
1407 4933
1408 4368
1408 4403
1409 2038
1410 1061
1410 1942
1411 2049
1411 2189
1411 2967
1412 2475
1413 504
1413 1789
1413 1873
1413 3004
1413 4832
1416 4449
1417 3915
1418 1975
1419 1747
1421 459
1421 3003
1421 4696
1422 449
1422 1144
1422 3992
1422 4991
1423 21
1423 4733
1424 1885
1424 2663
1424 3184
1426 491
1426 818
1426 1205
1427 3695
1428 1428
1428 2123
1429 161
1429 1784
1430 1793
1431 4923
1432 2315
1432 2532
1434 2030
1434 3288
1434 4166
1436 1762
1436 4096
1437 159
1437 3662
1438 4626
1439 1468
1439 3394
1440 564
1440 1434
1440 1640
1440 1980
1441 425
1441 2912
1442 598
1443 1828
1443 2430
1443 2767
1444 3210
1444 4644
1444 4943
1445 285
1445 3835
1446 2381
1448 1410
1449 87
1449 500
1450 760
1450 763
1451 3505
1451 4927
1452 1921
1453 1044
1453 2198
1454 878
1454 2335
1454 2410
1455 988
1455 1538
1455 3482
1455 3528
1455 3767
1456 110
1456 240
1456 3560
1456 4909
1457 1834
1457 2035
1457 2351
1457 2590
1458 2926
1459 219
1459 334
1459 1324
1459 1366
1459 1478
1459 2117
1459 3933
1460 3007
1461 3539
1462 712
1462 1583
1463 1406
1464 286
1464 630
1464 2794
1466 102
1466 792
1466 4275
1467 2628
1469 486
1469 1721
1469 2844
1469 2889
1469 3475
1469 3808
1470 4296
1471 3480
1471 3635
1472 2400
1472 4780
1472 4921
1473 1033
1473 4179
1473 4329
1474 661
1475 3578
1476 837
1476 1697
1476 2092
1478 794
1478 2239
1478 2747
1479 824
1479 2945
1479 4223
1480 219
1481 1130
1481 1694
1481 2539
1481 3873
1482 2302
1482 2608
1482 2796
1483 558
1483 650
1483 1750
1483 3163
1484 4353
1485 575
1485 767
1486 366
1486 632
1486 2594
1487 593
1487 3720
1488 3176
1489 1494
1491 947
1491 4261
1492 1020
1492 4673
1493 159
1496 3723
1497 1627
1497 4816
1498 2720
1499 1171
1499 2053
1500 1446
1500 3041
1500 3970
1502 709
1503 797
1505 296
1506 309
1506 1773
1507 1807
1508 712
1508 3485
1508 3753
1509 973
1509 4541
1510 1631
1510 2840
1510 3428
1510 3994
1511 1014
1511 3847
1511 4331
1512 610
1512 2057
1512 2424
1512 4309
1513 3308
1514 121
1514 4472
1514 4991
1515 1881
1515 4884
1516 154
1516 209
1516 1401
1516 4443
1517 4031
1518 190
1518 575
1518 1186
1519 2588
1520 327
1521 1058
1521 1098
1521 3462
1521 4176
1522 702
1522 4676
1522 4929
1523 1236
1525 2082
1525 3820
1526 1354
1526 4979
1527 1592
1527 4492
1528 1573
1528 1604
1528 4133
1529 2975
1530 411
1530 491
1531 4786
1531 4968
1532 3950
1532 3956
1534 438
1534 4218
1535 1183
1535 3237
1536 867
1536 1467
1536 3255
1536 3358
1536 3793
1537 1101
1537 1662
1537 3897
1538 3364
1538 3423
1538 3882
1539 1747
1539 2133
1542 506
1543 1489
1543 1997
1543 4130
1544 44
1544 285
1544 1215
1544 1328
1544 1921
1544 2309
1545 743
1545 2091
1546 98
1546 2921
1546 4287
1546 4833
1546 4852
1547 3249
1547 3749
1547 4924
1548 271
1548 3969
1549 1627
1549 1952
1549 2155
1549 3002
1549 3264
1550 104
1550 610
1550 3519
1550 4855
1551 1582
1551 1891
1551 3779
1552 3169
1553 2021
1553 2590
1553 4627
1554 1498
1554 3358
1555 2230
1556 642
1556 1784
1556 4562
1557 131
1557 1149
1557 1458
1557 4473
1558 2879
1559 3021
1559 3495
1560 379
1560 469
1560 2989
1561 2417
1561 3783
1561 4458
1562 1216
1562 3367
1562 3575
1562 3666
1563 2855
1563 3102
1563 3561
1564 204
1564 952
1565 412
1566 244
1567 2135
1567 3888
1568 582
1568 1442
1568 1638
1568 2371
1569 3661
1572 1056
1572 1352
1572 1608
1572 1816
1573 253
1573 731
1573 830
1574 3272
1574 3985
1575 227
1575 401
1575 2818
1575 2959
1575 3893
1576 444
1576 2241
1576 4645
1577 121
1577 753
1578 2506
1578 4554
1579 2615
1579 3421
1580 2260
1580 2301
1580 3321
1580 4605
1581 1561
1581 4244
1581 4547
1582 2529
1583 1082
1583 1490
1583 2614
1583 2791
1583 3429
1584 270
1584 300
1584 3400
1584 3907
1584 3919
1585 213
1585 3749
1586 3325
1587 2620
1587 3474
1587 4550
1588 1544
1588 4948
1589 671
1589 1811
1590 93
1590 1513
1590 2077
1590 3223
1590 3531
1591 3309
1591 3317
1592 4351
1592 4471
1592 4681
1593 354
1593 1432
1593 4562
1594 2672
1594 4952
1595 1
1595 3614
1595 3619
1599 337
1600 1689
1600 4909
1601 649
1601 780
1602 1764
1602 3032
1602 3839
1602 4864
1603 2304
1603 4463
1604 4879
1605 3090
1605 4896
1606 899
1606 2162
1606 3280
1606 4159
1607 1031
1607 1884
1607 2843
1607 3108
1607 4348
1608 615
1608 3285
1608 3410
1609 3328
1611 353
1611 3442
1611 4045
1612 603
1612 1269
1612 4791
1613 349
1613 1728
1613 2108
1613 2451
1614 146
1614 211
1614 4367
1615 705
1616 3035
1617 1906
1617 4915
1619 3147
1619 3595
1619 3950
1619 4982
1620 3391
1622 381
1622 2006
1622 2084
1622 2628
1623 2978
1624 2119
1624 2495
1624 2973
1626 1163
1626 1839
1626 4025
1627 2398
1627 3240
1627 3655
1627 4520
1628 81
1629 1026
1629 1827
1629 3449
1629 3945
1630 122
1630 1008
1630 2549
1631 21
1631 1296
1631 4811
1632 3694
1633 3554
1635 3297
1636 463
1636 1709
1637 4727
1637 4769
1638 445
1638 1976
1638 2254
1639 261
1639 1761
1639 1988
1639 3365
1639 3500
1639 3617
1640 3062
1640 3068
1640 4846
1641 520
1642 1967
1642 4788
1643 2668
1644 293
1644 2076
1644 3272
1645 177
1645 1547
1646 199
1646 452
1646 773
1646 1527
1646 2878
1648 2086
1650 2185
1651 610
1651 4216
1651 4324
1652 1113
1652 4527
1652 4961
1653 2136
1653 2706
1653 4251
1653 4963
1654 147
1654 1396
1654 1852
1655 403
1655 449
1655 3313
1656 3492
1657 529
1657 4218
1659 4664
1660 1058
1660 2709
1660 4783
1661 3279
1661 4341
1662 946
1662 3285
1663 2609
1665 1240
1665 1439
1666 2358
1666 4832
1667 72
1668 4614
1669 1477
1669 3557
1671 2033
1672 1648
1672 3189
1673 775
1674 592
1674 2639
1674 2748
1674 4658
1675 1690
1675 2748
1675 3515
1676 773
1677 1032
1677 1496
1677 4456
1679 213
1679 2156
1680 1934
1681 3135
1681 3629
1681 3740
1682 3578
1683 3348
1684 2722
1685 471
1685 1369
1686 2458
1686 2896
1687 3003
1687 3281
1687 4246
1688 534
1688 3042
1688 3603
1688 4791
1689 2166
1689 2491
1689 4005
1690 1568
1690 4830
1691 322
1692 1775
1692 2992
1692 3894
1693 4835
1694 4391
1695 2949
1696 309
1696 832
1696 2439
1699 708
1699 1385
1700 1286
1700 2942
1700 3175
1701 1451
1701 2066
1702 2879
1703 1590
1703 2795
1704 269
1704 2124
1704 2515
1704 3880
1704 4116
1704 4813
1705 1693
1705 1807
1706 3080
1707 40
1707 2116
1708 1816
1709 700
1709 1393
1709 3411
1709 4212
1710 665
1710 1157
1710 1708
1711 1929
1712 2274
1713 360
1713 2588
1713 3408
1713 3694
1716 2261
1718 1071
1718 2210
1719 1297
1719 1413
1719 2916
1719 3032
1719 4161
1721 4802
1722 721
1722 1592
1722 4229
1722 4821
1723 56
1723 178
1723 1706
1723 3059
1723 3595
1724 1452
1724 3002
1724 4558
1725 1589
1725 4610
1726 1478
1726 4355
1727 2680
1727 4970
1728 1490
1730 311
1730 989
1730 3276
1731 638
1731 3103
1731 3870
1731 4119
1732 573
1732 1025
1732 1765
1732 2227
1732 3417
1732 4167
1733 3374
1734 331
1734 3546
1735 1367
1736 1410
1736 2491
1737 476
1738 1144
1738 2128
1739 2481
1739 3044
1741 49
1741 1615
1742 294
1742 641
1742 2545
1743 218
1743 814
1743 1913
1743 4911
1744 2545
1744 3359
1745 237
1745 1024
1746 4507
1747 1390
1747 1521
1747 1541
1747 3007
1747 3646
1748 1688
1748 3671
1748 3764
1748 3975
1749 1631
1749 4371
1750 1246
1751 325
1752 952
1752 3345
1752 4281
1753 3496
1753 4874
1754 1494
1755 666
1755 1040
1755 1391
1755 2306
1755 3223
1756 1358
1756 2725
1756 4990
1757 1078
1758 2599
1758 4272
1758 4865
1759 2688
1759 4566
1760 4813
1761 1945
1763 3189
1763 4855
1764 544
1765 2634
1765 4577
1766 2880
1766 2946
1767 425
1767 880
1767 1935
1768 436
1769 2700
1770 353
1770 565
1770 2024
1771 2588
1771 4642
1772 1238
1772 2530
1773 2037
1774 3030
1774 3554
1775 775
1775 2257
1777 2893
1777 3501
1777 3856
1778 963
1781 137
1781 1779
1782 4642
1783 138
1783 935
1783 1740
1783 1863
1784 834
1784 4787
1785 4044
1786 1031
1786 2528
1787 3105
1787 3416
1788 1049
1788 2267
1790 1048
1790 1202
1790 1645
1790 2139
1790 4328
1791 1710
1791 4243
1792 19
1792 513
1792 2235
1793 1013
1793 1287
1793 2795
1795 856
1795 864
1796 893
1796 1352
1796 2845
1797 1129
1797 3737
1798 2895
1798 3798
1799 670
1799 3285
1799 4190
1800 1953
1800 3000
1802 3945
1803 2616
1803 2993
1803 3720
1803 4310
1804 1119
1804 1919
1805 4827
1806 2785
1806 4637
1807 819
1807 836
1807 2647
1807 2659
1807 4642
1808 511
1808 1714
1808 1887
1808 3801
1809 841
1809 3252
1810 4684
1811 3299
1811 3372
1813 3685
1814 155
1814 4135
1814 4512
1815 950
1815 1594
1815 4022
1816 1817
1816 2703
1817 3629
1818 1314
1819 1471
1820 108
1820 1149
1821 238
1821 1368
1821 1823
1821 2996
1822 4249
1823 420
1823 2067
1823 4456
1824 75
1824 1920
1824 3366
1825 4994
1826 3383
1826 4109
1827 1613
1827 1796
1827 2221
1827 2341
1827 2887
1829 2640
1829 3129
1829 3622
1830 2933
1831 427
1832 2284
1832 4665
1833 1435
1833 4113
1833 4718
1834 3919
1835 1325
1835 1449
1835 1659
1835 1820
1835 3618
1837 3034
1838 1238
1838 4659
1839 617
1839 1691
1839 2624
1839 4823
1840 2933
1841 13
1842 218
1842 3685
1843 3606
1843 4245
1843 4289
1843 4332
1844 588
1844 733
1844 3101
1844 4846
1845 1381
1845 3058
1845 3994
1846 2049
1847 284
1847 4338
1848 3434
1849 756
1850 449
1850 4218
1851 80
1851 93
1851 2880
1852 1204
1852 4230
1853 3448
1853 4398
1855 3571
1857 1534
1857 2814
1859 3057
1859 3340
1859 3818
1860 762
1860 1359
1860 4327
1861 1015
1861 1920
1862 291
1862 2847
1862 4602
1863 2454
1863 3435
1864 1016
1865 821
1865 2080
1865 2341
1865 4295
1865 4891
1866 1169
1866 4057
1867 825
1867 844
1868 1013
1868 3717
1869 707
1869 3946
1871 2726
1871 3070
1872 261
1872 698
1872 2838
1873 32
1874 1828
1875 861
1875 1484
1876 2587
1876 3205
1876 3784
1878 110
1878 3744
1879 2030
1879 4380
1882 2506
1882 3168
1882 4240
1883 757
1884 1886
1884 3956
1885 3686
1886 2152
1886 2337
1886 3652
1887 219
1887 1448
1887 3163
1887 4274
1889 253
1889 1458
1889 3346
1890 1937
1890 3457
1891 3666
1891 4569
1892 1187
1892 2150
1892 2183
1892 4453
1892 4540
1893 4741
1895 1708
1895 3249
1896 477
1896 2394
1896 4722
1897 456
1897 1148
1897 1577
1897 1711
1897 2731
1898 1790
1898 3006
1899 2711
1899 2953
1899 3555
1899 4128
1900 3559
1901 125
1901 1083
1901 1382
1902 1275
1903 1163
1903 3741
1904 1498
1904 4888
1905 1262
1906 204
1906 347
1906 1486
1906 2332
1906 2703
1906 3175
1907 202
1907 4439
1907 4443
1907 4963
1909 1257
1909 3325
1909 3521
1910 437
1911 1495
1912 4729
1914 747
1914 4707
1916 1862
1916 4888
1917 1258
1917 2560
1918 885
1918 3217
1919 2417
1920 1423
1920 3752
1921 372
1922 1736
1922 3466
1923 556
1923 1682
1923 3941
1924 168
1924 2050
1924 4661
1925 221
1925 1728
1925 3131
1925 3425
1925 4917
1925 4972
1926 997
1926 1819
1926 2971
1926 4792
1927 1877
1927 3924
1928 1678
1928 3663
1929 1715
1930 2131
1930 2246
1930 4497
1931 1006
1931 2922
1931 3731
1932 1182
1932 1999
1932 4963
1933 1901
1933 3404
1934 2128
1934 2677
1935 1582
1935 4893
1936 2494
1937 3351
1937 4524
1938 2080
1939 1450
1939 1639
1939 2147
1940 4781
1941 2521
1941 4005
1942 2830
1942 4147
1944 1764
1944 4474
1945 877
1945 4798
1946 745
1946 2876
1947 186
1947 3988
1948 678
1948 3735
1948 3934
1949 1909
1949 2127
1949 2264
1949 2600
1949 4187
1950 4181
1951 1906
1951 3934
1952 289
1952 3963
1953 177
1953 3166
1954 126
1954 1543
1954 4188
1955 182
1955 664
1955 835
1956 1244
1957 3796
1959 257
1959 381
1959 4901
1960 3550
1962 1972
1962 3379
1962 3573
1963 1766
1963 2941
1964 402
1965 979
1965 1196
1965 2712
1966 1264
1966 3909
1967 886
1967 4363
1969 2346
1970 3646
1971 4070
1972 2053
1972 4334
1973 1255
1973 3179
1975 191
1975 4096
1976 1844
1976 2928
1976 3553
1976 3582
1977 2769
1977 3238
1978 1326
1978 2630
1978 3307
1979 2399
1980 2059
1980 4432
1980 4461
1980 4590
1980 4944
1981 2029
1981 2112
1982 407
1982 1434
1982 2600
1982 4072
1982 4314
1982 4774
1983 18
1983 2947
1983 4990
1984 1772
1984 4179
1985 418
1985 2346
1985 4403
1986 150
1986 566
1986 4211
1987 3846
1988 2724
1988 4791
1989 3116
1989 4703
1990 3191
1990 4248
1991 3649
1992 3172
1992 3174
1993 1874
1993 3726
1993 3750
1994 3525
1994 4444
1995 412
1995 1402
1997 4309
1998 326
1999 414
1999 440
1999 4102
2000 682
2001 1635
2001 1724
2001 4416
2002 145
2002 3457
2003 545
2003 1387
2003 1857
2003 3179
2003 3810
2003 4979
2004 600
2005 1049
2005 3642
2006 1728
2007 2273
2007 4517
2007 4713
2008 88
2008 1666
2008 2491
2008 4693
2009 335
2009 3932
2010 3448
2010 3480
2012 142
2012 3561
2012 3618
2012 3972
2012 4294
2013 4043
2014 161
2014 4275
2014 4488
2015 3845
2017 876
2017 1654
2017 4971
2018 921
2018 4727
2019 808
2019 4533
2020 269
2020 1155
2020 3337
2021 690
2021 723
2021 3951
2023 4262
2024 1330
2024 1397
2024 2203
2025 658
2025 728
2025 3279
2025 4811
2026 484
2026 2648
2026 4806
2027 4825
2028 1896
2029 278
2029 297
2029 956
2029 1115
2029 3146
2030 4540
2031 466
2031 1539
2031 4301
2032 515
2032 653
2032 1314
2032 1876
2032 4382
2033 1687
2033 3560
2034 435
2034 1593
2034 2956
2034 4019
2035 476
2035 4841
2035 4920
2036 4809
2037 436
2037 4164
2038 1720
2038 4363
2039 938
2039 2933
2040 1921
2040 2077
2040 2221
2040 2738
2040 3668
2041 150
2041 842
2041 2739
2042 962
2043 893
2043 1468
2043 2199
2043 4961
2044 1129
2044 1203
2044 3493
2045 1039
2045 1342
2045 2603
2045 4900
2046 202
2046 1347
2046 4550
2047 1762
2047 2249
2047 3124
2047 4164
2047 4920
2048 101
2048 1230
2049 4613
2050 1009
2050 2635
2050 2836
2050 2857
2050 4969
2051 536
2051 1630
2052 3627
2053 1202
2053 2218
2053 3624
2053 3792
2055 834
2055 1991
2055 3429
2056 2791
2057 2305
2057 4140
2058 271
2058 4249
2059 448
2059 1460
2059 3456
2060 538
2060 3199
2060 4448
2061 179
2062 440
2062 707
2062 953
2062 2417
2062 3239
2062 3368
2063 4652
2063 4767
2064 2181
2064 4707
2065 2318
2066 1165
2066 1479
2066 2797
2066 2838
2067 2697
2068 2394
2068 2580
2068 3780
2068 4966
2069 1164
2069 4886
2070 3378
2070 3826
2072 20
2072 801
2072 1078
2072 2169
2073 572
2073 3708
2074 2332
2075 2151
2075 4269
2076 788
2076 3581
2076 3721
2078 1401
2078 2444
2080 1793
2080 3366
2081 161
2081 2826
2081 2950
2081 4451
2081 4992
2085 1611
2086 27
2086 1494
2086 1817
2086 4633
2087 4555
2087 4952
2088 1992
2088 2035
2088 2067
2089 629
2089 1461
2089 4191
2090 1754
2090 4064
2091 135
2091 574
2091 4302
2092 1708
2092 4821
2093 1029
2093 3893
2094 3215
2095 683
2095 1520
2095 1987
2096 88
2096 583
2096 591
2096 2684
2096 4117
2096 4390
2097 1341
2097 1993
2097 4188
2097 4722
2098 3148
2099 2675
2100 4680
2101 1761
2101 3378
2101 3760
2101 4867
2102 735
2102 1182
2102 2020
2102 3134
2102 4771
2103 1377
2103 1875
2103 2558
2104 342
2104 1204
2104 4599
2105 953
2105 4685
2106 871
2106 3183
2107 968
2107 1916
2108 519
2109 471
2109 4602
2110 1274
2110 2050
2110 4025
2112 2443
2113 4761
2114 1173
2114 2274
2114 3314
2115 187
2115 479
2115 1825
2116 1909
2117 239
2117 1356
2117 3633
2117 4152
2118 1811
2118 4573
2119 2359
2119 4623
2120 115
2120 129
2120 1696
2120 2310
2120 2797
2120 3973
2121 1863
2122 3644
2122 3724
2122 4543
2123 1168
2123 3005
2123 3067
2124 1286
2124 3421
2125 386
2125 1532
2126 3818
2127 657
2127 1191
2127 1862
2127 3211
2127 4226
2128 660
2128 1994
2129 1397
2129 3268
2129 4784
2130 854
2130 2022
2130 4024
2130 4247
2131 4460
2133 3908
2134 2747
2134 4462
2136 1767
2136 4828
2136 4836
2137 235
2137 1997
2138 75
2139 1242
2139 1367
2139 2045
2140 3606
2140 3998
2140 4366
2140 4490
2141 1621
2142 886
2143 680
2144 1311
2144 3545
2144 4295
2145 4433
2146 799
2146 4259
2147 4043
2147 4231
2148 785
2149 1169
2149 1944
2149 4929
2151 2795
2151 3876
2151 4943
2152 770
2152 885
2152 4615
2153 2716
2153 3400
2154 143
2155 1200
2155 2436
2155 4319
2155 4369
2156 1782
2157 1460
2157 2369
2157 3828
2157 4640
2158 2362
2158 3503
2159 628
2159 1488
2159 1746
2159 2595
2159 4385
2160 1065
2161 1770
2161 3216
2162 2168
2164 601
2164 1421
2164 2939
2165 1470
2165 2139
2166 4200
2166 4578
2166 4711
2167 2340
2168 984
2169 2140
2170 1138
2170 3523
2171 488
2171 3110
2171 4450
2171 4504
2172 3928
2173 2999
2173 3726
2173 4550
2174 195
2174 3941
2176 4624
2177 3445
2177 4061
2177 4899
2178 98
2178 108
2178 820
2178 3839
2179 55
2180 1156
2181 2753
2183 2920
2184 2450
2184 3414
2184 4008
2185 1025
2185 1506
2185 3666
2186 1609
2187 306
2189 345
2189 2129
2189 3866
2189 3896
2190 1435
2190 4272
2191 4365
2192 2348
2192 4498
2193 2808
2193 3389
2194 2274
2194 2296
2195 1883
2195 1992
2195 3393
2196 1408
2196 2252
2196 2503
2196 3854
2197 2883
2197 3017
2197 3930
2197 4914
2198 4216
2198 4925
2198 4975
2199 2531
2200 1870
2201 3
2201 2367
2201 4152
2202 182
2202 2123
2202 2892
2202 4099
2202 4821
2203 1290
2203 1905
2203 4608
2203 4809
2205 293
2205 718
2205 1212
2205 1518
2205 2546
2205 4896
2206 50
2206 4926
2207 1345
2207 2662
2209 2219
2209 3973
2209 4736
2210 1371
2210 2863
2210 2987
2211 1619
2211 4705
2212 2661
2212 3033
2213 4659
2215 258
2215 4037
2216 15
2216 423
2217 2101
2217 2138
2217 4287
2217 4788
2218 1873
2218 4176
2219 743
2219 971
2219 2623
2222 473
2223 2172
2224 1318
2224 1930
2224 4451
2225 273
2225 1517
2226 1176
2226 2365
2229 226
2229 2662
2229 4420
2230 4782
2231 1528
2231 3795
2231 3806
2231 3943
2232 3647
2233 67
2233 200
2233 2118
2233 3427
2234 1810
2235 1518
2236 170
2236 1241
2236 3232
2236 3456
2237 2214
2237 2962
2237 4199
2237 4742
2238 2619
2238 4549
2239 1862
2239 3990
2240 2163
2240 2689
2241 1774
2241 2408
2241 2968
2242 228
2242 3292
2242 3423
2242 3441
2242 4961
2244 4850
2245 974
2245 4065
2245 4504
2246 817
2246 1694
2246 2129
2247 1993
2247 4525
2248 2569
2248 3785
2249 2211
2250 1842
2250 3331
2251 685
2251 3559
2251 4390
2251 4415
2252 1369
2252 2367
2252 2830
2252 3097
2252 4809
2253 1239
2254 2325
2254 2540
2256 2583
2257 1283
2257 1964
2258 2360
2258 3651
2259 2511
2259 4923
2261 4585
2262 4153
2262 4480
2263 1344
2264 1564
2264 4463
2265 2222
2265 4317
2265 4764
2267 1181
2267 2374
2268 2020
2269 374
2269 496
2270 1160
2270 2536
2270 3281
2270 4920
2271 4932
2272 142
2272 1504
2272 3965
2273 3327
2274 457
2274 540
2274 686
2274 4528
2276 2432
2277 2585
2277 3437
2277 4310
2278 4218
2279 252
2279 1852
2279 2010
2279 2990
2279 3165
2280 342
2280 3008
2280 4012
2282 3298
2283 229
2284 2172
2285 652
2285 2127
2286 245
2286 490
2287 357
2287 723
2287 3640
2287 4693
2288 1048
2288 1805
2288 2102
2288 2457
2288 3594
2290 1041
2290 3339
2291 525
2291 669
2291 1421
2291 2115
2291 2310
2291 3508
2292 4201
2294 645
2294 3632
2295 3927
2295 4209
2296 1788
2298 831
2298 2657
2298 4054
2299 406
2300 3230
2301 2850
2302 217
2302 231
2302 914
2302 1405
2303 3062
2303 4349
2304 937
2304 3403
2305 1581
2305 3913
2306 276
2306 355
2306 2571
2306 2597
2306 4066
2307 4258
2309 3509
2310 359
2311 545
2311 842
2311 2980
2311 3522
2311 4760
2312 858
2312 2251
2312 4236
2314 1563
2314 1615
2315 4155
2317 794
2317 4435
2318 225
2320 1274
2320 2088
2320 2664
2320 3073
2321 66
2321 3420
2322 2314
2323 2040
2324 3337
2325 1309
2325 2522
2326 1051
2326 1158
2326 2903
2326 4318
2326 4482
2327 1807
2327 3730
2327 3970
2329 1778
2329 2792
2329 4631
2331 256
2331 1455
2331 3249
2332 3201
2332 3457
2332 4368
2333 3901
2334 1818
2334 4532
2335 3449
2335 4901
2337 830
2337 2495
2337 4035
2338 147
2338 999
2339 2384
2339 4038
2341 2292
2342 1123
2342 2198
2342 4778
2343 1837
2343 2333
2343 3333
2344 300
2344 399
2344 500
2345 4988
2346 172
2346 939
2346 3232
2346 3366
2347 3121
2348 75
2348 3526
2349 3859
2350 726
2350 2855
2351 1246
2351 1312
2351 1473
2351 4407
2352 46
2352 98
2352 2964
2353 1821
2353 2929
2353 2942
2354 976
2354 2317
2354 3427
2355 4384
2356 1053
2356 1734
2357 2238
2357 4196
2358 4666
2359 889
2359 1009
2359 2962
2359 3817
2360 867
2361 204
2362 2592
2362 4141
2362 4968
2364 189
2364 2701
2364 4682
2365 502
2365 808
2365 837
2365 4238
2365 4614
2366 2837
2366 3909
2367 4434
2368 2729
2368 3809
2369 1815
2369 1986
2369 3234
2370 1766
2370 4566
2371 719
2371 2342
2371 3101
2372 1881
2372 2151
2373 2306
2373 2514
2373 3793
2373 4150
2374 381
2374 767
2374 812
2374 1335
2375 556
2375 2773
2375 3074
2375 4369
2375 4701
2376 1684
2377 2081
2379 432
2380 1972
2381 3700
2381 3939
2381 4219
2381 4683
2382 437
2383 974
2383 1364
2383 3806
2384 1685
2385 1810
2385 2033
2385 2087
2385 2206
2385 2839
2385 3825
2386 3371
2386 3950
2387 2318
2388 2351
2388 2461
2388 2635
2388 2833
2388 4802
2390 1435
2390 3845
2391 1838
2391 1961
2391 2004
2391 2654
2391 3577
2392 1607
2392 2046
2392 2805
2392 4836
2393 1520
2393 1863
2393 2409
2393 3070
2394 1328
2394 2460
2394 2792
2394 3947
2394 4155
2395 912
2395 1362
2395 4359
2396 834
2396 951
2397 2818
2397 3513
2400 804
2400 3049
2400 3598
2401 3279
2402 3004
2403 39
2403 3336
2404 1720
2405 23
2406 2344
2407 527
2407 4425
2408 1271
2408 3674
2410 68
2410 4225
2411 226
2413 1076
2413 3062
2414 237
2414 3642
2414 4518
2415 956
2415 2030
2416 1887
2416 4073
2417 689
2417 1022
2417 2035
2417 2624
2417 3118
2418 638
2418 4440
2419 1774
2420 53
2420 103
2420 4824
2421 226
2422 3255
2422 4024
2423 1868
2423 1919
2423 4012
2423 4910
2424 514
2424 3379
2424 3920
2425 1076
2425 1148
2425 4491
2426 1067
2426 1266
2426 3354
2427 4334
2428 1278
2428 2003
2428 3075
2428 3316
2428 3629
2430 2261
2430 3124
2430 3433
2431 3013
2432 645
2432 685
2432 4516
2432 4618
2433 4092
2434 3553
2434 3749
2435 1731
2435 2954
2435 3640
2437 2017
2437 3560
2438 1556
2438 2004
2438 3176
2439 1098
2439 2965
2441 437
2441 723
2441 3930
2441 4176
2442 186
2442 1686
2442 2488
2443 1496
2443 2047
2443 3610
2444 4060
2445 889
2445 1350
2445 3435
2445 3901
2447 1007
2447 1302
2447 2816
2447 3730
2448 3796
2448 4058
2448 4720
2449 2143
2451 343
2451 585
2451 1740
2452 4947
2453 664
2453 3286
2454 326
2454 1798
2454 4361
2455 95
2455 1847
2456 2292
2456 4583
2457 143
2457 4012
2457 4621
2458 2957
2458 3706
2458 4677
2459 4175
2459 4564
2460 3902
2460 4684
2460 4838
2461 1634
2461 3998
2461 4836
2462 22
2462 1167
2462 4062
2462 4156
2463 206
2463 574
2463 2798
2463 3452
2464 3369
2465 1803
2465 2232
2466 3164
2466 4127
2467 962
2467 1040
2467 1794
2468 235
2468 1552
2469 2437
2469 2578
2469 4171
2470 1640
2472 1058
2472 1090
2473 2104
2474 1662
2474 3295
2475 589
2475 2579
2475 3951
2476 660
2476 3133
2476 3660
2477 1732
2477 2249
2477 4513
2477 4596
2478 562
2478 3240
2478 3426
2479 219
2479 921
2479 1079
2481 2762
2482 393
2482 1506
2482 2553
2482 2902
2482 3558
2482 4816
2484 1296
2484 1399
2484 4410
2485 386
2485 3461
2486 177
2486 2091
2487 2926
2487 3153
2488 322
2489 2275
2489 4296
2490 3551
2490 3818
2491 731
2491 3299
2491 3349
2492 358
2493 481
2493 708
2493 1339
2493 1894
2493 3655
2493 4059
2494 4971
2495 402
2495 2045
2495 2241
2495 3004
2496 2240
2496 2993
2498 557
2499 1377
2499 2852
2499 3515
2500 1353
2500 3212
2501 2935
2502 3909
2502 4598
2503 272
2503 1165
2504 1003
2504 1814
2505 3700
2506 349
2508 3878
2509 2487
2509 4487
2510 174
2510 272
2510 290
2510 1003
2510 1492
2510 4492
2511 1001
2511 3829
2513 1058
2514 2590
2515 24
2515 2811
2516 4666
2517 1362
2517 1494
2517 2905
2517 2932
2517 4541
2518 2419
2518 2514
2518 2540
2518 2588
2519 669
2519 2493
2519 2760
2519 3725
2520 1487
2520 3314
2521 1076
2522 1374
2522 2128
2522 2595
2522 3362
2523 854
2523 1620
2523 2490
2523 2554
2524 739
2524 4669
2526 200
2526 3552
2527 845
2527 1570
2527 3649
2527 4925
2529 1613
2529 2902
2529 4187
2531 340
2531 3029
2531 3933
2532 1572
2532 2501
2532 3983
2532 4980
2533 990
2533 2081
2533 3368
2533 4997
2534 4285
2535 4799
2536 4529
2536 4797
2537 985
2538 667
2538 901
2538 3728
2538 4627
2539 1662
2539 2804
2540 17
2540 2866
2540 3315
2541 225
2542 1931
2543 1873
2543 2102
2543 2930
2543 4532
2544 188
2544 4572
2545 2172
2545 3573
2546 1051
2546 1727
2546 3285
2546 4334
2546 4992
2547 978
2548 2424
2549 2927
2550 247
2550 747
2550 4090
2551 700
2554 2796
2554 4388
2555 1063
2555 1362
2555 1489
2555 2082
2555 4243
2556 3200
2556 4232
2557 4800
2559 309
2559 481
2559 1309
2559 3665
2561 2102
2562 3779
2562 4871
2563 1382
2563 3896
2563 4208
2563 4954
2565 49
2565 1116
2565 1825
2566 2049
2567 478
2567 1674
2568 856
2568 1220
2568 2326
2569 57
2569 1471
2569 1950
2569 3947
2570 611
2570 946
2570 1693
2570 1859
2570 3506
2572 1368
2572 1899
2572 1947
2572 2818
2572 3037
2572 3893
2572 4409
2573 1995
2573 2155
2574 1237
2574 2022
2574 3760
2574 4971
2576 2129
2577 1480
2577 2456
2577 2956
2578 1065
2578 2919
2579 2105
2579 2574
2580 954
2580 3845
2580 4444
2581 1025
2581 3161
2582 88
2582 451
2582 2909
2583 604
2583 2649
2583 4239
2584 4892
2585 1869
2585 3387
2586 2765
2586 3085
2586 3750
2587 1508
2587 2779
2587 4818
2588 1614
2588 2933
2589 2194
2589 3711
2590 15
2590 1076
2590 1143
2590 1749
2591 1100
2592 871
2592 3987
2592 4211
2595 393
2595 1849
2595 2367
2596 1250
2596 2090
2596 2235
2596 2848
2597 2209
2597 4315
2598 571
2598 758
2598 2311
2599 45
2599 1138
2599 1890
2599 2501
2599 3615
2600 391
2600 577
2600 700
2600 4511
2601 82
2601 2432
2602 2760
2602 4329
2602 4433
2603 1605
2603 2732
2603 3185
2603 4582
2604 2791
2604 4863
2606 4903
2606 4995
2607 1504
2607 1884
2607 3046
2607 3518
2607 3651
2608 2233
2608 4993
2609 383
2610 1534
2610 3220
2611 578
2611 2832
2611 3062
2612 1281
2612 3614
2612 4014
2613 584
2613 1165
2613 4108
2614 3569
2615 2711
2615 3628
2616 2723
2616 4968
2617 830
2619 2463
2619 3631
2620 1739
2620 3164
2621 598
2621 3383
2621 3756
2622 2462
2623 991
2624 58
2624 4983
2625 3234
2626 507
2626 1509
2626 2069
2626 2528
2628 599
2628 1330
2629 4844
2630 1909
2630 4454
2631 973
2632 755
2632 3230
2633 847
2633 1554
2633 4004
2634 1492
2634 1609
2634 3732
2635 1708
2635 3629
2635 4562
2636 1421
2637 1246
2637 4936
2638 471
2639 446
2639 511
2642 69
2642 1482
2642 1643
2642 3454
2642 4893
2643 2045
2644 2971
2644 4719
2645 4010
2647 468
2647 3426
2648 845
2648 2596
2648 2791
2648 4676
2651 198
2651 2252
2651 4441
2652 3675
2652 3927
2653 1130
2653 1642
2653 2844
2654 742
2654 3283
2655 1126
2656 414
2656 540
2656 1015
2659 978
2659 1873
2659 2274
2659 4907
2660 606
2660 4425
2663 2492
2663 4282
2664 4377
2665 50
2665 2185
2666 2589
2667 222
2667 3283
2667 3573
2667 3887
2667 4230
2667 4272
2671 900
2671 4275
2672 1014
2672 1582
2673 1163
2673 2626
2673 2933
2673 4854
2674 635
2674 712
2674 2985
2674 4842
2675 174
2675 1201
2675 1614
2676 785
2676 1677
2676 1926
2678 392
2680 301
2680 3495
2680 4192
2682 93
2682 403
2683 4102
2683 4166
2683 4860
2685 1100
2685 4043
2686 613
2686 2055
2687 3236
2687 3760
2687 4201
2688 2247
2688 2443
2688 4462
2689 1460
2689 4254
2689 4818
2691 2341
2692 94
2692 1729
2692 2130
2692 3717
2692 4484
2693 55
2693 594
2693 3071
2694 258
2694 3748
2694 4599
2695 1515
2697 627
2698 4835
2699 374
2699 460
2699 730
2700 2160
2701 287
2701 3856
2702 4850
2703 2238
2705 1318
2705 1837
2705 3165
2706 3843
2707 1422
2707 3353
2707 3361
2708 759
2708 1945
2708 4186
2709 3247
2710 259
2710 4375
2711 585
2711 1573
2711 1885
2711 3541
2712 635
2712 1996
2712 2035
2712 2769
2712 3961
2713 754
2714 458
2714 1904
2714 2790
2714 3139
2715 4390
2715 4951
2716 1233
2716 3256
2716 3773
2717 415
2717 1021
2717 1196
2717 2896
2717 3715
2717 3825
2718 1504
2718 2475
2718 3178
2718 4119
2718 4948
2719 2324
2719 4747
2720 348
2720 1294
2720 2561
2720 4170
2720 4911
2721 68
2721 524
2721 2338
2721 3078
2721 4881
2722 2242
2723 4655
2724 1213
2724 4162
2724 4355
2726 969
2727 4105
2728 1967
2728 2453
2729 2285
2729 3516
2730 2969
2730 3017
2731 1104
2731 4147
2732 672
2732 1297
2732 3013
2732 4030
2733 1497
2733 2252
2733 4130
2734 190
2734 2976
2734 4496
2735 546
2736 498
2736 617
2736 4737
2737 2476
2737 3686
2738 2931
2739 506
2739 4311
2740 850
2740 4227
2741 1148
2742 297
2742 1690
2742 1859
2742 1976
2743 7
2744 12
2744 695
2744 1773
2744 2245
2744 4222
2745 3380
2746 1409
2746 3702
2747 218
2747 1478
2747 2031
2747 3728
2749 2564
2749 4077
2750 29
2750 2234
2750 2795
2751 411
2751 440
2751 2773
2751 3120
2751 3336
2751 4546
2752 1170
2752 1512
2753 2091
2753 3175
2756 783
2756 1495
2757 743
2757 2624
2757 4757
2758 12
2758 816
2758 1907
2758 4383
2758 4765
2759 2260
2759 4733
2760 4901
2761 3155
2761 4286
2762 1310
2762 1954
2762 2453
2764 600
2765 309
2766 3612
2767 1566
2767 2944
2768 114
2768 1534
2769 791
2769 4051
2769 4743
2770 1744
2770 2667
2771 2177
2771 4805
2771 4821
2772 1423
2773 736
2773 3014
2774 704
2774 4437
2775 4987
2776 552
2776 2561
2776 2869
2776 3452
2777 1677
2777 2838
2777 3807
2777 4076
2777 4637
2778 1631
2779 757
2779 4284
2780 2680
2780 3159
2781 1343
2781 3123
2781 4736
2783 821
2783 1134
2784 827
2784 3495
2784 4149
2784 4810
2785 943
2785 2961
2785 3237
2785 4097
2785 4501
2786 3475
2788 1699
2788 4582
2789 2281
2789 2547
2790 2541
2791 518
2791 2691
2792 1862
2792 2477
2792 2479
2792 3318
2792 4063
2793 1212
2793 2772
2793 3438
2793 4383
2794 1993
2795 1967
2795 3872
2796 98
2796 844
2796 4044
2797 2947
2797 4504
2798 1253
2798 2883
2799 1673
2800 1119
2800 1300
2800 1725
2800 2209
2801 2569
2805 328
2805 362
2806 418
2806 3263
2807 3013
2808 118
2808 1462
2809 1436
2810 3220
2810 3495
2811 3094
2811 3148
2811 4156
2811 4551
2812 77
2812 304
2812 4176
2813 389
2813 501
2813 1244
2813 4189
2814 1877
2814 2567
2815 3717
2815 4619
2816 2580
2816 4669
2818 694
2818 1026
2818 4468
2819 131
2820 3240
2820 3586
2820 4693
2822 1150
2822 3030
2823 2743
2825 1534
2825 2415
2825 2986
2826 3547
2826 3813
2827 599
2827 1147
2827 1166
2828 2077
2829 1325
2829 1691
2830 3615
2831 3782
2832 1577
2834 935
2834 1575
2834 3349
2835 1397
2835 3760
2836 1356
2836 1756
2836 3372
2837 1190
2837 1746
2838 2691
2839 2154
2839 3949
2839 3999
2840 3454
2841 901
2841 3856
2842 1458
2842 4683
2843 2867
2844 27
2844 2394
2844 4271
2845 1435
2846 951
2846 2779
2848 3983
2849 4245
2849 4381
2850 180
2850 2473
2850 3548
2850 4908
2851 1430
2851 1741
2851 2345
2851 4759
2852 609
2852 818
2852 1894
2852 3216
2853 133
2853 1810
2853 4040
2855 1098
2855 2304
2856 3766
2857 3436
2857 4447
2858 4159
2858 4470
2859 582
2860 1412
2860 4818
2861 2150
2861 3929
2862 2658
2862 2998
2863 183
2863 692
2863 1299
2864 787
2864 1765
2864 2625
2864 3092
2865 27
2865 1235
2865 2731
2865 3885
2866 222
2866 949
2866 2386
2867 1128
2867 4900
2868 2265
2868 2610
2869 1537
2869 2296
2869 3385
2869 4642
2870 4530
2871 722
2871 826
2872 856
2872 2633
2873 279
2873 3919
2874 3844
2875 3042
2877 1002
2877 1408
2877 1584
2877 3799
2877 4727
2879 1127
2880 537
2881 322
2881 1709
2882 176
2883 189
2883 317
2883 2293
2884 1938
2885 2358
2886 2260
2886 2351
2886 2645
2887 310
2887 735
2888 1210
2888 3604
2889 3983
2889 4362
2891 135
2891 633
2891 2745
2891 3516
2892 2613
2893 1419
2893 1445
2893 1814
2893 1959
2893 3631
2893 4633
2894 4287
2895 2614
2895 4426
2896 4818
2896 4893
2898 178
2899 927
2899 2966
2900 4363
2900 4534
2901 2272
2901 3146
2901 4510
2901 4974
2902 1538
2902 3551
2903 3187
2903 3705
2904 2473
2905 2400
2906 733
2907 1667
2907 1928
2907 2037
2907 2291
2907 3193
2909 451
2910 1334
2910 1770
2910 4102
2911 1214
2911 2971
2911 4991
2912 4880
2914 3155
2915 2663
2915 3026
2915 3444
2916 1448
2916 4479
2917 1134
2917 1193
2919 4921
2920 290
2920 1768
2920 2357
2921 2972
2922 3702
2923 754
2924 247
2926 2805
2926 3112
2928 1835
2928 2006
2928 2786
2929 1979
2930 4672
2930 4797
2931 1835
2931 2836
2931 2889
2932 1985
2933 2078
2933 3891
2933 4652
2933 4890
2933 4895
2934 915
2934 4465
2936 1201
2936 2027
2937 2623
2938 2814
2938 3557
2939 62
2939 4500
2940 1745
2940 2900
2941 2821
2941 3374
2941 3830
2942 4607
2942 4707
2942 4926
2943 3663
2945 2950
2946 676
2947 2313
2947 2994
2947 3813
2948 779
2948 3118
2948 4650
2948 4752
2949 1990
2950 642
2950 1461
2950 1632
2950 3717
2951 1922
2951 3889
2951 4816
2953 4167
2953 4795
2954 2802
2955 3514
2956 112
2956 3844
2957 4835
2958 3378
2959 2774
2960 2085
2960 2137
2961 405
2961 3281
2962 1828
2962 3034
2963 144
2963 1368
2963 3059
2963 3185
2963 3523
2963 4594
2964 2640
2964 4429
2966 1380
2966 1415
2967 1588
2969 3486
2971 1874
2972 3404
2972 3966
2973 804
2973 1538
2974 568
2974 2469
2974 3525
2977 501
2977 1275
2977 1981
2977 4348
2978 443
2978 3390
2979 2261
2980 1691
2980 3335
2981 922
2982 1853
2982 4934
2983 219
2983 4488
2985 3854
2985 4531
2986 1394
2986 2940
2986 3925
2986 4549
2987 1833
2987 1866
2987 2755
2987 3425
2988 1709
2988 4461
2989 671
2989 3012
2990 4175
2990 4213
2991 1319
2993 1160
2993 4178
2994 3524
2994 3683
2997 4660
2998 4789
2999 809
2999 1827
3000 2453
3000 2914
3001 282
3001 2565
3002 2427
3003 2831
3003 2835
3003 2942
3003 4178
3004 1087
3004 4827
3005 1879
3006 574
3007 206
3010 1241
3010 1436
3010 3075
3010 4133
3011 683
3011 814
3011 4986
3012 3245
3015 332
3015 4578
3016 829
3016 1437
3016 3426
3016 4689
3017 805
3018 1532
3020 1611
3021 427
3021 564
3022 4341
3023 4339
3024 363
3024 583
3024 1204
3024 1850
3024 3254
3024 3972
3024 4444
3026 3153
3026 4882
3027 1272
3028 248
3028 1917
3028 2571
3028 3897
3028 4900
3029 3359
3030 393
3030 3364
3031 2393
3031 2434
3031 3968
3031 4471
3032 543
3033 2226
3033 4914
3034 4570
3037 3703
3037 4078
3038 466
3038 2741
3038 3154
3039 713
3039 1332
3039 2103
3040 1572
3040 1610
3040 3105
3040 3749
3040 4965
3041 1141
3041 3879
3042 269
3042 1264
3042 4968
3043 53
3044 1169
3045 1624
3045 2504
3046 2877
3047 2668
3048 1520
3048 3515
3049 708
3050 3377
3051 2638
3052 1527
3053 2055
3053 4250
3054 807
3054 3558
3055 176
3055 219
3056 103
3057 3013
3057 4578
3059 2448
3059 4049
3060 1387
3060 1641
3060 4615
3061 484
3061 1922
3062 2944
3062 4484
3063 2546
3063 4413
3064 2751
3065 432
3066 3522
3067 3016
3068 4598
3070 322
3070 3820
3072 4209
3072 4211
3073 948
3073 2817
3074 4717
3075 1928
3075 2424
3075 3164
3076 164
3076 1588
3076 1939
3077 2948
3077 4182
3078 1814
3078 3489
3079 366
3079 3255
3080 1006
3080 3306
3081 725
3082 481
3082 528
3082 843
3082 2144
3082 3200
3084 1683
3085 1030
3085 2792
3085 4034
3085 4161
3085 4187
3086 1041
3087 3697
3088 2161
3088 4522
3089 252
3089 666
3089 1370
3089 1903
3089 3033
3089 4241
3090 12
3090 1361
3090 1634
3090 3393
3090 3922
3091 3706
3092 1619
3092 2828
3092 3241
3094 1426
3094 2013
3095 2949
3095 3481
3095 4965
3096 1074
3096 2034
3096 2228
3096 3108
3096 3979
3096 4317
3097 1143
3097 2553
3097 3621
3097 4638
3099 768
3099 3939
3099 4349
3101 1002
3102 4443
3102 4816
3103 634
3104 948
3104 1237
3105 1208
3105 2632
3106 1055
3106 2137
3106 4846
3107 2839
3107 4337
3107 4616
3108 846
3108 2176
3110 2751
3110 2918
3110 3611
3112 4172
3112 4729
3115 2894
3116 633
3116 1111
3116 3043
3117 1315
3117 1337
3117 1693
3117 4274
3121 425
3122 2986
3122 3962
3123 408
3123 1742
3123 2320
3124 2680
3124 4265
3125 1308
3125 3355
3125 3910
3126 2651
3126 4790
3127 1918
3127 3970
3127 4729
3129 1395
3130 1390
3130 4542
3132 120
3132 1262
3132 1586
3132 4954
3133 212
3133 2157
3133 2716
3133 2994
3134 493
3134 3031
3134 3976
3134 4526
3136 505
3136 2990
3139 233
3139 3308
3140 3355
3140 3956
3140 4160
3141 706
3141 1640
3141 1779
3142 1526
3142 2499
3143 2712
3144 9
3144 1886
3144 4816
3144 4866
3145 1852
3145 3491
3145 3535
3145 4654
3146 3608
3146 4040
3147 347
3149 1476
3149 2533
3150 2106
3150 2539
3151 253
3151 950
3152 1253
3153 3906
3154 1255
3155 3930
3155 4889
3157 1601
3158 1177
3159 1693
3159 1828
3159 2670
3160 912
3160 1474
3160 3215
3161 1143
3161 3227
3162 310
3162 1514
3163 3381
3166 1544
3166 3027
3167 565
3167 1530
3167 3740
3168 1143
3168 3677
3169 69
3169 134
3169 4645
3170 2275
3171 2732
3171 3736
3171 3793
3172 1514
3172 1891
3172 2798
3172 3117
3173 2718
3173 4809
3175 2193
3175 2647
3176 2085
3176 4898
3177 3441
3178 1612
3179 1931
3179 2867
3180 254
3181 115
3181 892
3182 4136
3183 3749
3183 4741
3184 843
3184 2334
3184 2438
3186 2218
3186 3199
3187 398
3187 1438
3187 4062
3187 4270
3188 176
3188 795
3189 742
3189 1672
3189 1704
3189 2386
3189 4204
3190 731
3190 2429
3190 3408
3191 3584
3191 4275
3192 1793
3192 2809
3192 2894
3192 3112
3193 1051
3193 3848
3193 3851
3194 788
3194 3092
3195 551
3195 1644
3197 2938
3197 3429
3197 3702
3197 3919
3197 4259
3198 267
3200 526
3200 773
3200 1179
3202 2554
3202 4481
3202 4695
3202 4953
3203 1651
3204 997
3204 3304
3204 4371
3205 2724
3205 4708
3206 2958
3206 3161
3206 4535
3206 4740
3207 3203
3209 2721
3209 4419
3210 4147
3211 2913
3211 2931
3211 3164
3211 3318
3211 4309
3211 4402
3212 687
3212 2600
3212 3868
3213 1281
3213 2465
3213 4876
3214 1401
3214 2832
3215 1966
3215 2781
3216 3571
3217 899
3217 1994
3217 2280
3217 3160
3217 3380
3217 4653
3218 811
3218 3348
3219 3048
3220 479
3220 1877
3220 2413
3221 1216
3222 54
3222 548
3222 1970
3222 3300
3224 421
3224 4799
3225 1636
3225 3285
3226 1262
3227 459
3227 3347
3227 3841
3227 4191
3228 4509
3228 4715
3229 319
3229 600
3229 910
3229 1614
3230 1107
3230 2092
3230 4036
3232 1162
3232 3544
3233 521
3233 3034
3234 102
3234 2788
3234 4484
3236 307
3236 649
3236 2358
3237 242
3238 53
3238 1514
3238 4298
3239 3824
3239 4219
3240 2461
3241 1075
3241 3025
3242 560
3242 2567
3242 4969
3243 531
3243 2687
3243 2993
3243 4686
3244 1868
3244 3965
3244 4837
3245 475
3246 2698
3247 277
3247 3002
3247 3639
3247 4402
3247 4465
3248 87
3248 2805
3248 4961
3249 1838
3249 2439
3249 4683
3250 181
3250 455
3250 3474
3251 619
3251 4900
3252 3500
3252 3965
3252 4004
3252 4965
3253 3658
3253 4191
3253 4644
3254 398
3254 725
3254 895
3255 1853
3255 2829
3255 2967
3256 281
3256 2185
3256 4411
3256 4881
3257 74
3257 4628
3258 745
3258 2562
3258 4967
3259 607
3259 1104
3260 3383
3261 580
3261 2183
3261 3443
3261 4087
3262 427
3263 861
3263 3081
3264 1234
3264 1397
3264 1647
3264 3089
3264 4418
3265 886
3265 1394
3265 1802
3265 2179
3265 4226
3265 4516
3266 961
3266 1027
3266 1315
3266 1397
3266 4971
3267 107
3267 295
3267 1384
3269 409
3269 3554
3269 3561
3270 1687
3270 3333
3271 2115
3271 2700
3271 4449
3272 2317
3272 3194
3272 4193
3273 1972
3273 4598
3274 2241
3274 3090
3275 1593
3275 1838
3276 720
3277 199
3277 941
3277 4206
3277 4343
3278 3395
3280 588
3280 1946
3281 1512
3281 2189
3282 3427
3283 4488
3284 573
3284 3261
3284 3556
3285 535
3285 3415
3286 689
3286 740
3286 4521
3286 4582
3288 1541
3288 4684
3289 3154
3289 4118
3290 3336
3291 1403
3291 4094
3292 1283
3292 2730
3293 1062
3293 2516
3293 4440
3294 1332
3294 4276
3295 1985
3295 3676
3296 103
3296 918
3297 3495
3297 4039
3297 4355
3298 3562
3298 4214
3299 4189
3300 704
3300 3925
3302 754
3302 3256
3303 432
3303 1792
3303 4904
3304 3372
3305 587
3305 2672
3305 2730
3306 240
3306 1193
3306 1659
3307 1388
3307 3064
3307 3883
3308 461
3308 3332
3309 3253
3310 999
3310 4121
3310 4885
3310 4985
3311 4141
3312 4487
3313 4609
3314 2341
3315 694
3315 2016
3315 2448
3315 3899
3316 3172
3317 824
3319 3896
3319 4124
3319 4411
3319 4700
3320 845
3320 1220
3320 1301
3320 1771
3321 1326
3321 1557
3322 64
3323 2772
3323 4224
3323 4255
3324 4863
3325 2166
3325 3053
3326 2124
3327 388
3327 475
3327 1618
3327 3003
3328 1313
3328 3071
3328 3384
3328 3827
3328 3925
3328 4120
3329 3684
3331 837
3331 3208
3333 472
3333 1028
3333 2754
3333 3564
3333 4852
3334 315
3334 394
3335 3955
3336 2411
3336 3390
3336 4040
3337 4049
3338 1483
3339 2561
3339 2727
3339 4057
3339 4188
3340 4890
3343 1552
3344 478
3344 1120
3344 3753
3344 4684
3344 4925
3345 814
3345 1876
3345 2371
3345 2519
3346 4905
3347 2994
3348 555
3348 1033
3349 954
3349 4331
3350 1048
3351 252
3351 1414
3351 4223
3352 1735
3352 3181
3353 1773
3353 3556
3353 4511
3354 1951
3354 4587
3355 4298
3356 1763
3356 2708
3358 574
3358 1491
3358 1651
3358 3588
3359 2037
3359 4825
3360 236
3360 443
3360 3648
3363 2635
3363 4592
3364 3408
3364 4811
3364 4841
3365 4001
3366 2215
3366 3338
3367 1377
3367 1430
3367 1770
3367 3508
3368 2878
3368 4006
3369 55
3369 3298
3369 4713
3370 2347
3371 1423
3371 2697
3372 353
3372 617
3372 809
3373 1864
3373 4113
3374 147
3374 1920
3374 3649
3375 1252
3376 145
3377 742
3377 3536
3379 1430
3379 3188
3380 275
3380 2368
3381 385
3381 777
3381 903
3381 2676
3381 4068
3382 852
3382 4206
3382 4394
3383 457
3383 4008
3383 4811
3384 3092
3384 3487
3386 379
3387 2213
3388 755
3388 4476
3389 1050
3389 1316
3389 4615
3390 113
3390 1023
3392 824
3392 1993
3392 3029
3392 4938
3393 1949
3393 1994
3394 3983
3394 3987
3395 4082
3395 4253
3396 1824
3396 4378
3397 1998
3398 1060
3398 2202
3399 2524
3399 3047
3399 3810
3400 692
3400 1020
3400 1169
3400 2813
3400 2825
3401 4314
3401 4619
3402 319
3402 720
3402 1139
3402 1455
3402 2312
3403 541
3403 761
3403 913
3403 3266
3404 334
3404 923
3405 460
3405 860
3405 1293
3405 2943
3405 3773
3405 4886
3406 1042
3406 3018
3406 3301
3406 4528
3406 4544
3407 1417
3407 1740
3407 3079
3407 3493
3408 1881
3409 620
3410 3134
3410 3816
3411 746
3412 1992
3412 2588
3412 3514
3413 2010
3413 2889
3413 3347
3414 881
3415 1367
3415 3855
3416 229
3416 2017
3416 2612
3416 2811
3416 3082
3416 4068
3416 4784
3417 2618
3418 1381
3418 1524
3418 2907
3418 3195
3418 3647
3418 4475
3419 2995
3420 26
3420 2605
3420 3510
3420 4597
3421 1608
3421 3469
3422 2142
3422 4086
3422 4701
3424 4779
3425 1732
3425 3581
3426 2188
3426 2988
3426 3584
3426 4314
3427 3812
3429 979
3429 3537
3429 4265
3431 155
3431 861
3431 4239
3432 2463
3433 1837
3434 344
3434 3768
3435 3047
3435 3852
3436 255
3436 755
3436 2086
3436 3043
3436 3092
3436 3652
3437 2842
3437 4098
3438 130
3438 4905
3441 212
3441 4154
3441 4286
3444 1614
3445 3256
3445 3424
3447 1917
3447 3228
3448 1438
3448 3878
3449 4509
3450 1452
3452 2810
3453 998
3453 1962
3454 2763
3456 142
3456 1240
3457 966
3457 2008
3457 3859
3458 1330
3458 1388
3458 1893
3459 2491
3462 718
3462 811
3462 1041
3462 1482
3462 2562
3462 3981
3462 4383
3462 4678
3463 343
3464 247
3465 2208
3465 2921
3465 4521
3465 4531
3466 409
3466 2905
3466 3541
3466 4331
3467 833
3467 2476
3467 2483
3467 2995
3467 3226
3467 3687
3467 4410
3468 798
3468 1383
3468 1683
3468 1705
3468 1909
3469 3533
3470 446
3470 614
3470 1806
3470 3367
3471 3410
3471 4147
3472 421
3472 1928
3472 4553
3473 780
3473 2759
3474 385
3474 880
3474 3741
3476 2512
3476 3491
3477 2791
3478 2408
3478 2990
3478 4028
3479 4164
3481 2893
3482 1239
3482 1856
3482 4797
3483 1653
3483 2360
3483 4251
3485 1305
3485 1376
3485 2284
3486 4696
3486 4716
3487 919
3487 2091
3487 4038
3487 4069
3489 3101
3489 4729
3490 421
3490 2742
3490 3968
3491 1889
3491 3796
3492 2358
3494 214
3494 1741
3495 2134
3495 4360
3495 4494
3496 1236
3498 2132
3498 4736
3498 4819
3499 4324
3500 1053
3500 4277
3501 760
3501 3835
3501 4665
3502 1084
3502 3500
3503 492
3503 1370
3503 2104
3503 3140
3504 2159
3504 3033
3505 435
3505 649
3505 656
3505 3165
3505 4227
3506 3657
3507 4851
3508 1488
3509 331
3509 351
3509 3147
3509 4931
3510 709
3510 3089
3510 4840
3511 2009
3511 4137
3511 4714
3512 1278
3512 4058
3513 3880
3513 4696
3514 2
3515 662
3515 2722
3516 768
3516 941
3516 4545
3518 2958
3519 2537
3519 4537
3520 3888
3520 4400
3522 2098
3522 2723
3522 4162
3523 4450
3524 459
3524 1262
3524 2391
3526 2224
3526 4676
3527 1302
3527 3817
3528 4751
3529 1518
3529 2051
3529 2436
3530 526
3530 3147
3531 2425
3532 32
3532 3346
3532 4303
3534 1210
3534 3813
3535 745
3535 2929
3535 4850
3536 2347
3537 115
3537 241
3538 1692
3538 1832
3538 2977
3538 3483
3539 432
3539 4309
3540 1047
3540 1254
3540 2931
3540 3454
3541 14
3541 1717
3542 327
3542 1758
3543 1872
3544 2496
3545 4456
3546 4902
3547 3776
3547 4826
3548 1900
3548 2070
3548 4503
3550 1445
3550 1828
3550 2774
3550 4465
3551 2338
3551 4383
3552 1916
3552 2990
3552 3193
3552 3341
3553 295
3553 1411
3553 3624
3554 1298
3554 2974
3554 3543
3555 505
3555 1397
3555 3433
3556 1771
3556 2655
3557 4036
3558 3346
3560 928
3561 252
3561 2743
3561 4430
3562 711
3563 2056
3563 3383
3563 3640
3564 1607
3564 1758
3564 3305
3564 4063
3564 4580
3564 4799
3565 1414
3565 2841
3566 57
3566 3174
3568 1642
3568 3021
3568 4425
3568 4738
3569 1833
3570 3921
3571 2441
3571 3613
3572 1326
3572 4424
3573 206
3573 1183
3574 2017
3575 929
3575 1082
3575 1926
3575 1934
3576 361
3576 1415
3576 1644
3578 1466
3578 3379
3578 5000
3579 740
3579 3146
3580 2913
3580 3450
3580 3879
3581 896
3581 2318
3582 2105
3584 744
3584 1147
3584 1264
3585 46
3585 308
3585 2793
3585 3261
3586 1322
3586 2771
3586 2788
3586 3964
3587 1378
3587 1711
3587 3573
3588 2516
3589 4431
3590 90
3590 3812
3591 869
3591 1261
3591 3119
3592 1838
3592 3588
3593 3383
3594 1637
3594 4178
3595 2174
3596 3711
3597 1294
3597 2191
3597 2449
3597 2758
3597 4337
3598 428
3598 1732
3598 3328
3598 4523
3598 4953
3600 478
3600 865
3601 159
3602 796
3602 2550
3602 4679
3603 2683
3604 3252
3604 3419
3605 1636
3605 3060
3606 2391
3606 2716
3607 226
3607 1162
3607 3554
3608 188
3608 3236
3608 3418
3608 3737
3608 4153
3609 2991
3609 3122
3609 4362
3610 3681
3611 4892
3612 3476
3612 4461
3613 4993
3614 1415
3614 2232
3616 233
3616 475
3616 786
3616 3347
3617 2814
3617 4202
3617 4299
3619 125
3619 901
3619 3550
3619 3619
3619 4838
3620 1603
3621 921
3621 1118
3621 1752
3621 4128
3621 4215
3621 4288
3622 468
3622 2924
3623 778
3623 4550
3625 570
3626 1504
3626 3202
3626 3267
3627 1392
3627 1745
3627 3578
3628 788
3628 3090
3628 3823
3629 1050
3629 1328
3629 3210
3630 1165
3630 2758
3631 666
3631 2595
3631 4912
3632 140
3633 3299
3634 1469
3634 1816
3634 3601
3634 4053
3634 4055
3635 692
3635 4405
3636 118
3636 1711
3637 3786
3638 3218
3638 3864
3638 4303
3638 4565
3639 1781
3639 2885
3640 4687
3641 662
3643 768
3643 2338
3644 764
3644 3791
3646 628
3647 3413
3647 4915
3648 1157
3648 4026
3649 555
3649 1539
3650 628
3650 2491
3651 305
3651 2935
3653 849
3653 1908
3654 699
3654 1722
3654 2188
3654 3503
3654 4774
3655 568
3655 3017
3655 3130
3655 3459
3655 3597
3656 1788
3657 2108
3657 2113
3657 2789
3658 3652
3659 516
3659 1381
3659 2359
3659 2545
3660 1032
3661 4395
3662 4015
3662 4167
3663 1413
3663 4715
3665 3475
3665 3663
3665 4668
3666 4890
3667 666
3667 1295
3669 4223
3670 2129
3671 605
3671 607
3671 1511
3671 2812
3671 2891
3672 1227
3673 1651
3674 3928
3674 4879
3676 3114
3676 3913
3677 345
3677 2498
3678 2174
3679 3001
3680 2751
3681 352
3682 4692
3684 4862
3685 33
3685 2796
3686 403
3686 1237
3686 3024
3686 3235
3686 4191
3687 1696
3688 1826
3689 558
3689 800
3689 3415
3690 188
3690 344
3690 3236
3691 74
3691 1398
3691 3858
3691 3971
3691 4447
3692 833
3692 1863
3693 1201
3693 2437
3694 1335
3694 4941
3695 2225
3695 3075
3695 4008
3696 2923
3696 4986
3697 2077
3697 2280
3697 2533
3698 620
3698 2020
3698 3058
3698 3837
3699 1622
3699 4508
3700 951
3700 1395
3700 2077
3702 2047
3702 2851
3702 2889
3702 4423
3703 3992
3703 4065
3704 4781
3705 2673
3706 90
3706 4281
3707 1021
3707 2153
3707 2506
3708 1605
3708 3066
3708 3606
3708 4956
3709 4606
3710 333
3710 1969
3710 4474
3711 702
3712 1544
3713 3033
3713 3846
3713 4721
3714 4138
3714 4181
3714 4750
3715 4777
3716 329
3716 3031
3717 460
3717 4255
3718 105
3718 183
3718 1163
3718 3852
3719 2240
3719 2454
3719 4297
3720 2420
3722 732
3722 3000
3722 4469
3723 1466
3723 2827
3724 101
3724 748
3724 1731
3724 3463
3726 1075
3726 4085
3726 4875
3727 1965
3727 3827
3728 1265
3728 1759
3729 1263
3729 2650
3731 3262
3734 3278
3735 1869
3735 3546
3736 4854
3737 286
3738 743
3738 1073
3738 4680
3740 120
3740 1877
3740 4698
3742 3512
3743 116
3743 3814
3743 4770
3744 545
3744 626
3744 1434
3744 1851
3745 3459
3746 2231
3748 4475
3749 4507
3750 1003
3750 1231
3750 1546
3750 1558
3751 248
3752 684
3752 2874
3752 3863
3753 198
3754 2533
3754 3360
3755 2882
3755 4585
3756 639
3756 2263
3758 537
3758 1660
3758 2720
3759 1313
3759 1738
3759 3339
3759 4107
3759 4954
3761 171
3761 3505
3763 1399
3764 1958
3765 1254
3765 3096
3765 3574
3766 518
3766 1761
3768 3045
3769 1422
3769 2746
3769 4166
3770 418
3772 1212
3772 3215
3773 1778
3773 2512
3773 3798
3775 1776
3775 4100
3776 1254
3776 1386
3776 4683
3777 110
3777 445
3777 3846
3778 126
3778 4243
3779 251
3779 1693
3779 3720
3779 4388
3780 532
3780 1370
3780 3724
3780 4413
3781 824
3781 1346
3781 1373
3781 2244
3781 2575
3781 3026
3781 3278
3782 658
3782 2511
3782 3294
3783 2737
3783 3432
3784 771
3785 1603
3785 2279
3786 4344
3786 4362
3786 4751
3787 377
3787 2591
3787 4752
3788 460
3788 3804
3788 4453
3789 4219
3789 4297
3789 4398
3790 129
3791 32
3791 552
3791 613
3791 3607
3791 4919
3792 2901
3792 4723
3793 518
3794 1983
3795 2943
3795 4354
3796 2066
3796 4997
3798 24
3799 249
3799 1120
3799 1754
3799 2893
3800 625
3800 4030
3801 1985
3801 2243
3801 3788
3802 81
3802 1856
3803 487
3803 4146
3804 579
3804 700
3804 1923
3804 4258
3805 2731
3806 739
3806 1329
3807 305
3808 3297
3808 3626
3808 3920
3808 3961
3809 2703
3809 2855
3809 4018
3810 1810
3810 1974
3810 4065
3811 727
3811 2429
3811 4076
3811 4086
3811 4609
3812 369
3812 2092
3812 3062
3812 4015
3813 1078
3813 3718
3813 3822
3814 435
3814 1303
3814 1630
3815 169
3815 420
3815 2454
3815 4344
3816 797
3816 1868
3817 996
3817 4362
3819 284
3819 2216
3819 4203
3821 1881
3822 3357
3822 4620
3823 263
3823 815
3823 3346
3824 1126
3826 1309
3827 2403
3829 1839
3829 2565
3830 4854
3831 2363
3832 2310
3832 4471
3833 924
3834 780
3834 3114
3834 3142
3835 1177
3835 2673
3836 1708
3836 3755
3837 4549
3838 1777
3838 1862
3839 1980
3842 2169
3843 244
3844 963
3844 2124
3844 2484
3845 3712
3848 2628
3848 3260
3848 4044
3849 1399
3849 1789
3849 2565
3850 1114
3850 2602
3851 3111
3851 4745
3852 4055
3853 2959
3853 3132
3853 3178
3854 1085
3854 2060
3856 3139
3856 3690
3856 4490
3856 4768
3857 3772
3858 1617
3858 2053
3858 2098
3858 3433
3858 4797
3860 2667
3860 4817
3860 4867
3861 2947
3862 2321
3863 1293
3863 3052
3863 3374
3864 1500
3864 3936
3864 4191
3865 460
3866 1419
3866 4793
3866 4994
3868 242
3868 734
3868 3841
3869 14
3870 527
3870 3221
3870 3861
3872 1867
3873 107
3873 1834
3873 2499
3873 3310
3873 4973
3873 4990
3874 2988
3875 1082
3875 2816
3875 2825
3875 3945
3875 4495
3875 4697
3876 3710
3877 1605
3877 3758
3878 2401
3879 631
3879 2448
3880 2773
3881 570
3881 4369
3881 4716
3882 366
3882 1058
3882 1393
3882 3496
3883 511
3883 783
3883 2423
3883 4116
3884 1270
3884 4613
3885 2139
3885 3181
3885 3977
3886 4906
3887 1199
3888 1838
3888 3556
3889 1506
3889 1987
3889 2670
3889 4283
3890 2341
3890 2742
3890 3652
3891 965
3891 3715
3891 3991
3891 4623
3892 2432
3893 3950
3895 1902
3896 188
3896 400
3896 1870
3896 4236
3896 4737
3897 622
3898 592
3898 1231
3898 3170
3899 2120
3900 3434
3901 621
3901 3763
3902 1273
3902 2321
3902 2988
3903 3394
3904 1726
3905 2274
3905 3424
3906 4724
3909 1215
3910 1968
3910 2188
3910 4286
3912 3189
3912 4481
3913 398
3913 3692
3913 4698
3914 906
3915 1274
3915 2700
3915 4187
3916 231
3916 4419
3917 2339
3917 2714
3917 3504
3917 3696
3917 3961
3918 2835
3919 3053
3919 3684
3920 1242
3921 23
3921 1040
3921 4780
3922 325
3922 2504
3922 2533
3922 3071
3922 3594
3923 1428
3923 2085
3923 2906
3924 820
3924 4799
3925 1592
3925 2726
3925 3723
3926 1003
3926 2317
3926 4663
3927 2298
3928 2013
3928 2953
3929 286
3929 3996
3930 4404
3932 2654
3932 4462
3933 1803
3933 1821
3934 2850
3934 3565
3934 4726
3936 1381
3936 2636
3937 4581
3938 2957
3939 87
3939 2208
3939 3874
3939 4912
3940 2138
3940 2593
3943 1414
3943 1505
3943 1737
3943 4973
3944 1274
3944 1810
3945 4609
3946 1201
3946 3580
3947 1909
3947 3166
3947 3915
3948 3522
3948 4343
3949 1052
3949 1931
3949 2874
3950 1131
3950 4902
3952 470
3952 2218
3955 1697
3956 38
3956 2452
3956 4955
3958 1568
3958 2009
3958 3167
3959 265
3959 1800
3959 1805
3960 907
3960 2252
3960 3007
3960 3485
3961 1901
3961 2723
3961 4745
3962 730
3963 2294
3963 2303
3963 4612
3965 2489
3965 3038
3966 4535
3967 389
3967 507
3969 416
3969 3583
3970 1546
3970 2071
3970 2921
3970 4117
3971 279
3972 478
3972 1175
3973 1897
3974 1240
3975 3961
3976 691
3976 3337
3976 3850
3976 3926
3977 401
3977 1133
3977 1730
3977 3160
3977 4118
3978 441
3979 1121
3979 1664
3979 3870
3980 1101
3980 1239
3980 2907
3980 3612
3980 4932
3981 836
3981 3748
3982 171
3982 1044
3982 1872
3982 4082
3983 1397
3984 4968
3985 1317
3985 2202
3986 552
3986 1571
3986 3912
3988 2133
3989 233
3990 457
3991 147
3991 298
3991 1316
3991 4094
3992 1467
3992 3099
3993 1365
3993 2247
3993 3612
3994 439
3994 1823
3995 1580
3995 4029
3996 724
3996 3616
3997 351
3997 1419
3997 4253
3998 88
3998 685
3998 3163
4000 684
4000 4170
4001 788
4001 2876
4001 3189
4001 4479
4002 737
4002 2087
4002 5000
4003 577
4003 3553
4004 1947
4004 3462
4004 4379
4005 354
4005 1640
4005 4434
4006 432
4006 3065
4006 3463
4006 4826
4007 1127
4007 3223
4008 3848
4008 3882
4009 1021
4009 2142
4010 524
4010 1722
4010 2720
4011 4271
4013 918
4013 3283
4014 840
4014 1870
4014 3467
4015 1444
4015 3059
4015 4586
4016 2795
4016 3638
4019 484
4019 2796
4020 3913
4021 3766
4022 2810
4023 3236
4024 1482
4025 1505
4025 2404
4026 1728
4026 1779
4027 1565
4027 1714
4028 1748
4028 2462
4028 4238
4028 4290
4028 4616
4029 1178
4029 2717
4030 1750
4030 4809
4031 4966
4032 3555
4032 3881
4033 1388
4033 2640
4033 2739
4033 4031
4033 4422
4034 1925
4034 3550
4034 4047
4034 4404
4035 2869
4035 3033
4035 3732
4035 3901
4035 4836
4036 1741
4037 2741
4037 4876
4038 2622
4038 3833
4039 112
4039 236
4039 370
4039 4377
4041 1303
4043 1824
4043 2133
4044 2687
4045 856
4045 4634
4046 2920
4046 3173
4046 4369
4047 16
4047 776
4047 3017
4048 3521
4049 1407
4049 1522
4049 4763
4050 2132
4051 1833
4051 2609
4052 3545
4052 4257
4052 4295
4053 141
4053 2201
4053 3855
4054 1043
4054 1916
4054 1924
4055 1132
4056 1598
4056 2119
4056 2696
4057 270
4057 1702
4057 1873
4058 2349
4058 3399
4058 3753
4058 4862
4058 4866
4059 2080
4059 4675
4060 2392
4060 2558
4060 2962
4061 1005
4061 2875
4062 3675
4062 3721
4063 138
4063 170
4063 2822
4064 540
4064 4677
4065 151
4065 4213
4065 4606
4066 49
4066 3363
4066 4111
4067 1471
4067 4058
4068 631
4070 1246
4070 3272
4071 135
4072 3743
4073 3741
4074 1582
4074 2690
4074 3103
4075 1899
4075 2032
4075 3175
4075 3396
4076 230
4076 1513
4077 733
4080 1445
4080 2145
4080 3721
4080 4666
4082 2453
4082 4310
4083 1234
4083 2170
4084 1114
4085 4995
4086 2370
4087 148
4088 366
4088 3570
4088 4077
4089 2864
4090 2989
4090 3496
4091 4781
4093 493
4093 1885
4094 3306
4095 2524
4096 406
4096 786
4096 1083
4096 2621
4097 2717
4098 2148
4098 3925
4100 1025
4100 1336
4101 348
4101 1500
4101 3438
4101 4336
4102 105
4103 3084
4103 3756
4103 4580
4103 4776
4104 3253
4104 4646
4107 3737
4108 2093
4109 4518
4110 2109
4110 2339
4111 450
4111 2075
4111 2700
4111 4165
4112 49
4112 685
4112 1829
4112 3489
4114 1440
4115 1349
4116 4318
4117 930
4117 2913
4119 1323
4119 4467
4120 2125
4120 4219
4121 868
4121 1706
4122 389
4122 4124
4122 4932
4123 757
4123 1011
4124 1380
4125 1067
4125 2179
4125 4120
4125 4381
4126 1399
4126 2677
4126 3922
4127 1246
4127 2978
4127 3487
4127 3668
4128 2505
4129 312
4129 1117
4129 3265
4129 4923
4130 1406
4130 3304
4131 490
4131 1948
4131 2552
4131 3382
4132 4452
4132 4473
4133 397
4133 1654
4133 4018
4135 1680
4135 3829
4135 4302
4135 4360
4135 4581
4135 4846
4138 748
4138 3397
4138 4349
4138 4543
4138 4556
4139 63
4139 3000
4139 4731
4139 4852
4140 1805
4141 4858
4142 633
4142 1425
4142 2777
4142 2842
4143 2623
4144 1549
4144 2248
4145 4790
4148 2030
4148 2509
4148 4528
4149 4106
4150 236
4150 1397
4150 2044
4150 4707
4151 476
4151 4360
4153 634
4153 1928
4153 2470
4153 4409
4154 2111
4155 1782
4155 2063
4155 2091
4155 4939
4156 2260
4157 914
4158 4622
4158 4632
4159 1697
4159 2200
4159 3043
4160 4852
4161 1014
4164 2533
4164 3457
4165 4699
4166 1999
4166 2129
4166 2348
4167 109
4167 1562
4168 2881
4168 4660
4169 4293
4170 3235
4171 267
4171 1188
4171 4098
4172 738
4172 1250
4172 2865
4174 2182
4175 2182
4176 631
4176 1751
4176 2364
4177 2340
4177 3726
4177 4631
4178 1996
4178 2299
4178 2359
4178 4831
4179 1961
4179 2232
4179 2729
4180 359
4180 2446
4180 4460
4181 2583
4181 3526
4182 2226
4183 3077
4183 3406
4183 3616
4183 3764
4183 3827
4184 870
4184 4748
4184 4756
4185 2145
4185 2494
4185 2896
4185 4583
4186 3812
4187 880
4187 1578
4187 3362
4187 4426
4187 4927
4188 1719
4189 453
4189 4446
4189 4757
4189 4760
4190 596
4190 1551
4190 4883
4191 435
4191 656
4191 774
4191 2248
4191 4984
4192 179
4192 2866
4192 3990
4196 3398
4196 4783
4198 762
4199 874
4199 4275
4200 360
4200 4346
4202 2434
4202 2818
4203 714
4203 3578
4203 4519
4204 1539
4206 3133
4208 605
4208 3700
4209 1192
4209 3100
4210 269
4210 1559
4211 3224
4211 3348
4212 2910
4213 624
4213 685
4213 1653
4213 3549
4214 677
4214 1117
4214 2828
4214 3990
4215 1364
4215 3366
4216 3112
4216 3209
4216 3719
4217 838
4217 3544
4218 2190
4219 4055
4219 4542
4220 1533
4220 1874
4220 3482
4221 3566
4223 960
4223 4913
4224 421
4224 3556
4225 2395
4225 3516
4226 2637
4226 4440
4227 4172
4229 4521
4230 300
4230 567
4230 1959
4230 2101
4230 2468
4231 3549
4231 4723
4232 791
4232 1428
4232 2862
4232 4630
4233 733
4233 4349
4233 4841
4235 699
4235 2746
4235 4538
4235 4932
4235 4957
4237 1226
4237 1560
4237 2169
4237 4036
4237 4424
4238 738
4238 2882
4239 2036
4240 2127
4242 1152
4244 629
4244 2303
4244 3743
4244 4281
4245 1165
4245 3129
4245 3154
4246 964
4246 1660
4246 3158
4246 3674
4247 2068
4248 57
4248 1227
4248 1742
4248 3729
4249 714
4250 699
4250 1664
4250 1846
4250 3795
4250 4798
4250 4826
4251 282
4251 4871
4252 3075
4252 3499
4252 3822
4253 1477
4253 2853
4254 2954
4254 4919
4255 1979
4255 2778
4256 4958
4257 4707
4259 4991
4260 2071
4261 2684
4261 4525
4263 2615
4263 3736
4263 4606
4263 4607
4265 122
4265 3721
4266 1113
4267 1705
4267 2008
4267 2029
4267 2354
4268 1658
4268 2069
4268 3668
4268 4520
4269 2051
4270 758
4270 1536
4270 2852
4270 3649
4270 3877
4271 3640
4273 145
4273 4046
4273 4936
4275 2900
4276 727
4276 1101
4276 1518
4276 2507
4276 2635
4277 178
4277 3547
4278 2229
4278 3238
4279 3994
4280 184
4280 337
4280 1625
4280 2517
4281 4074
4283 3015
4284 5
4284 3159
4284 3812
4285 1450
4286 73
4286 403
4286 473
4286 3027
4287 1487
4288 195
4289 1158
4289 3200
4289 3313
4290 1943
4290 2464
4292 2147
4293 4041
4293 4822
4293 4940
4294 578
4294 1654
4294 2022
4294 2741
4294 3702
4296 232
4296 3187
4296 3220
4296 3900
4297 2129
4297 2235
4297 4319
4298 2925
4299 2748
4300 1188
4303 1746
4303 3712
4303 3760
4304 2123
4305 4633
4306 328
4306 1603
4306 3117
4306 3201
4307 1147
4307 3008
4307 3038
4307 4861
4308 883
4308 1014
4310 978
4310 1286
4310 2940
4313 2517
4313 3843
4314 1499
4315 1599
4316 2303
4317 125
4317 1556
4317 3393
4317 4099
4317 4701
4319 3065
4319 3564
4319 4395
4320 1373
4320 2273
4320 3380
4321 543
4322 192
4322 749
4322 2003
4323 406
4323 473
4323 1280
4324 2141
4324 3036
4325 796
4325 2794
4326 2532
4327 4555
4328 4877
4329 4
4330 2635
4330 3943
4330 4327
4331 3406
4332 932
4332 2265
4333 3319
4334 1036
4334 2581
4334 3222
4335 1050
4335 4917
4336 4350
4337 3400
4337 3610
4337 4922
4338 1605
4338 2646
4339 1612
4339 4579
4340 1726
4340 2729
4340 2799
4340 2959
4340 4170
4341 208
4341 2415
4341 3834
4342 1420
4344 2067
4344 2659
4345 4994
4346 3126
4346 4306
4347 282
4347 485
4347 796
4347 1630
4347 4232
4348 2078
4348 3203
4348 4223
4349 4960
4350 1131
4350 4802
4351 2288
4351 3397
4351 3439
4352 1338
4352 2289
4352 3036
4352 3930
4353 2137
4354 1074
4354 1137
4354 2620
4354 3287
4354 3867
4356 1709
4356 2695
4356 2772
4356 4202
4359 452
4359 1434
4359 1629
4359 2947
4359 4277
4360 1620
4360 3187
4361 3345
4362 574
4362 1959
4362 4631
4363 717
4363 1868
4363 3342
4363 3551
4363 4886
4364 4755
4366 3743
4367 1743
4367 2265
4367 3726
4369 453
4369 4036
4371 772
4371 4939
4373 2588
4374 1581
4374 3635
4374 4064
4375 633
4376 2471
4377 320
4377 2140
4377 2559
4377 3176
4377 3879
4378 530
4378 1243
4378 2603
4379 2528
4379 4591
4380 880
4380 4593
4381 3146
4381 4934
4381 4948
4382 525
4382 2777
4382 3267
4383 378
4383 3040
4384 768
4384 1180
4384 2937
4384 3390
4384 3528
4384 4143
4385 354
4386 33
4386 3590
4386 3873
4387 2546
4389 3253
4390 2482
4391 1082
4391 3829
4392 1388
4392 1581
4392 3656
4392 3769
4394 2288
4395 756
4395 4159
4395 4859
4396 497
4396 906
4396 4148
4397 676
4398 1560
4399 1377
4400 730
4400 939
4400 4964
4401 446
4401 1768
4401 3980
4402 2274
4402 4462
4403 1137
4403 2026
4403 2303
4403 3811
4404 68
4404 842
4404 3171
4405 2550
4405 3973
4406 1123
4406 4534
4407 3408
4408 71
4408 438
4408 4358
4408 4410
4408 4697
4408 4913
4409 1016
4409 2232
4409 2522
4409 3688
4410 3381
4410 3465
4411 1024
4411 2256
4411 2408
4411 3506
4411 4153
4414 3478
4414 3991
4415 2859
4415 4244
4417 4865
4418 3483
4419 4431
4420 1413
4420 2791
4420 4180
4421 1909
4423 153
4423 1962
4423 4344
4424 65
4424 1571
4424 1996
4426 4671
4428 422
4428 1356
4428 2627
4428 3932
4429 2141
4429 3554
4430 1197
4430 1200
4430 1443
4430 1662
4431 1436
4431 3784
4432 513
4432 3286
4432 3836
4433 2491
4434 2057
4434 4716
4434 4902
4435 4295
4436 1187
4436 4428
4436 4541
4437 4203
4437 4431
4438 588
4438 1190
4438 1498
4439 1429
4440 4036
4441 3478
4442 589
4442 4934
4443 158
4443 236
4443 807
4443 3260
4444 2005
4444 3896
4447 4626
4448 149
4448 802
4448 4815
4449 2061
4450 239
4450 789
4450 1726
4452 1405
4454 2857
4454 4326
4455 852
4455 1682
4456 182
4456 351
4457 3501
4458 2013
4458 2408
4458 3255
4458 3432
4459 1792
4459 4281
4460 45
4460 1514
4460 4425
4461 2581
4462 2136
4462 3995
4463 1748
4464 273
4465 862
4465 1905
4466 3220
4467 644
4467 761
4467 1580
4467 4613
4468 3171
4469 963
4470 4582
4471 4745
4472 850
4472 1629
4474 2611
4475 201
4475 211
4475 427
4475 1988
4475 3546
4476 3780
4477 574
4477 1434
4477 2471
4478 3226
4478 4036
4478 4907
4479 1447
4479 4815
4480 944
4480 2115
4480 3828
4481 1050
4481 4041
4482 3827
4484 1213
4484 3560
4484 4861
4485 2004
4486 1295
4486 2987
4486 4702
4487 335
4488 1655
4488 1985
4489 725
4489 3166
4490 262
4490 304
4490 3463
4490 4083
4491 223
4491 323
4491 1515
4492 440
4492 760
4493 2045
4493 4636
4494 4973
4495 3737
4496 1060
4498 958
4499 58
4499 4878
4500 174
4500 316
4502 396
4502 941
4502 3971
4502 3973
4502 4779
4503 2876
4503 4936
4504 898
4504 1666
4505 198
4506 2624
4506 4375
4507 25
4507 4026
4508 1634
4508 1805
4508 2931
4509 1268
4511 570
4511 1644
4511 1850
4511 4518
4513 649
4514 3717
4515 1218
4515 4137
4516 307
4516 957
4517 4758
4518 4123
4518 4262
4519 226
4519 4340
4521 182
4522 3958
4523 394
4523 1700
4524 1761
4524 3956
4524 4362
4525 3049
4526 529
4526 2660
4526 3509
4527 3061
4528 201
4528 4254
4529 4230
4530 935
4530 1793
4530 3059
4531 130
4531 1883
4531 4428
4532 758
4532 1511
4534 950
4534 2126
4534 4679
4535 1853
4536 3834
4537 950
4537 2656
4538 262
4538 1494
4539 811
4539 2304
4539 2801
4540 257
4540 1444
4542 127
4543 3128
4544 268
4544 513
4544 4896
4546 156
4547 1594
4547 2741
4549 691
4549 924
4550 1438
4550 1455
4550 3298
4551 1204
4551 4820
4552 1868
4552 1901
4553 2577
4553 3618
4554 336
4554 4698
4555 981
4555 1391
4556 1407
4557 457
4557 3382
4558 1488
4558 4285
4559 2076
4559 2098
4559 2175
4560 1520
4561 2119
4561 3340
4561 3459
4563 1509
4563 4146
4564 4434
4565 1396
4565 3449
4566 1560
4568 179
4568 263
4568 3046
4568 4837
4569 2059
4569 2600
4569 3032
4569 4167
4570 3155
4571 473
4571 3195
4572 1955
4572 2581
4572 3120
4573 4736
4574 1726
4577 1804
4577 2725
4578 133
4578 774
4578 874
4578 2568
4578 3223
4579 879
4580 1502
4580 4150
4581 805
4581 3568
4581 4729
4582 1286
4582 4813
4583 3644
4584 111
4584 248
4584 1534
4584 2359
4584 3135
4584 3177
4584 3685
4585 133
4586 4503
4587 1905
4587 2262
4588 4132
4589 1685
4589 3077
4590 1444
4590 2176
4591 319
4591 327
4593 2770
4593 3508
4593 3594
4594 1414
4594 3581
4595 452
4595 4477
4596 938
4596 1333
4596 1487
4597 534
4597 1061
4597 2939
4598 679
4598 1482
4599 1371
4599 3329
4600 765
4600 1175
4600 1332
4601 575
4601 2241
4603 962
4603 1414
4603 2138
4603 2910
4604 23
4605 28
4605 1527
4605 2439
4606 2449
4607 2428
4607 4520
4608 3640
4609 2797
4610 2206
4610 4526
4610 4685
4611 1696
4615 2017
4615 4162
4615 4361
4616 898
4616 4341
4617 19
4618 3236
4619 1477
4619 3202
4620 1436
4621 1001
4622 472
4624 3373
4625 1223
4625 2422
4625 3123
4628 2064
4629 2601
4629 3122
4629 3410
4629 4277
4630 26
4630 2142
4630 4628
4632 1319
4632 2414
4632 4945
4633 2554
4633 2887
4634 769
4634 2172
4634 3424
4634 4163
4635 4792
4636 1900
4636 3640
4636 4210
4636 4264
4637 792
4637 3731
4637 4205
4638 2434
4638 3358
4639 606
4639 4182
4640 4633
4641 521
4641 1332
4641 1582
4642 635
4642 3895
4642 4393
4642 4403
4643 826
4645 2242
4646 52
4647 3687
4648 158
4648 3968
4648 4280
4649 4218
4650 1147
4650 2914
4650 2987
4650 3911
4651 581
4652 1837
4652 3628
4653 1218
4653 4971
4654 2064
4654 2681
4655 4332
4656 280
4656 1435
4657 1254
4657 3195
4657 3333
4658 883
4658 2297
4658 3288
4658 4056
4659 789
4659 2313
4659 2528
4659 4608
4660 3211
4660 4505
4661 2232
4661 2418
4662 349
4663 2241
4663 4894
4664 24
4664 59
4664 545
4664 2050
4664 2554
4664 3012
4664 4904
4665 1904
4665 3465
4667 4871
4668 1542
4669 1861
4670 1243
4670 2306
4670 4065
4670 4954
4673 960
4674 839
4675 2943
4676 2385
4676 2421
4677 876
4677 1163
4677 1246
4677 2331
4678 2088
4678 2742
4679 773
4679 1885
4679 2396
4680 421
4680 1122
4680 1713
4681 2798
4681 4821
4682 4216
4683 1870
4684 1168
4684 4985
4685 1544
4685 2776
4685 3126
4685 3391
4685 3830
4686 3938
4686 4937
4687 4130
4688 388
4688 1960
4689 2834
4689 4862
4690 1185
4691 3131
4692 122
4692 1175
4693 2144
4694 2779
4694 3952
4694 4731
4695 736
4695 1577
4695 1781
4696 453
4696 2348
4696 3143
4697 1579
4697 2941
4699 3437
4700 359
4700 2742
4701 3547
4701 4923
4702 517
4702 1524
4702 2902
4703 615
4703 3867
4704 2157
4704 4858
4705 4161
4706 564
4708 2069
4709 2786
4709 3058
4710 229
4710 347
4710 1103
4710 2642
4712 1844
4713 1622
4713 1688
4713 3461
4713 3633
4713 4028
4714 692
4714 747
4714 798
4714 1090
4714 2547
4714 2549
4715 953
4715 1740
4715 1846
4715 3725
4716 1000
4716 2358
4718 539
4718 1544
4718 3344
4718 4245
4718 4759
4720 548
4720 3800
4721 1967
4721 2404
4722 1282
4722 2848
4724 3809
4725 9
4725 2677
4725 4515
4726 2988
4727 1779
4728 3791
4730 439
4730 1503
4730 2152
4731 4336
4733 2561
4734 2101
4734 4109
4735 1534
4736 480
4736 4801
4737 3161
4738 1765
4738 1810
4738 3827
4739 2565
4741 1269
4741 4651
4742 2491
4742 4811
4743 4481
4744 3543
4744 4422
4745 378
4745 807
4745 3694
4746 1612
4748 1910
4749 665
4749 1765
4749 3729
4750 1144
4750 2683
4751 943
4752 1434
4753 1753
4753 2161
4753 4141
4754 3907
4755 1146
4755 3493
4756 340
4756 3034
4756 4620
4757 5000
4759 1531
4759 3128
4760 595
4760 1252
4760 2156
4760 4966
4761 377
4762 1135
4762 4641
4763 9
4763 61
4763 353
4763 655
4763 891
4763 2123
4763 2722
4764 1728
4765 1792
4765 2112
4765 2966
4766 259
4766 3151
4767 228
4767 2827
4768 1787
4768 2503
4769 1402
4769 2771
4769 3351
4769 3717
4769 3905
4770 1616
4770 1667
4770 2497
4770 3951
4772 2263
4772 2385
4773 1164
4773 3965
4773 4967
4774 311
4774 3190
4775 1347
4775 2844
4775 4057
4776 667
4776 713
4776 961
4776 4613
4777 576
4777 1600
4778 518
4778 2327
4779 1183
4779 2227
4779 2998
4780 780
4781 3279
4783 2322
4784 302
4784 4431
4785 302
4785 473
4786 1238
4787 33
4788 1171
4788 2308
4788 2871
4789 1229
4789 4875
4790 2648
4790 4231
4791 3681
4792 3485
4794 2719
4794 3274
4795 525
4795 1429
4795 1930
4795 2005
4795 2819
4796 952
4796 2227
4796 3022
4796 4506
4797 1416
4798 4484
4799 1013
4799 4573
4800 1587
4800 2981
4800 3061
4800 4025
4801 3420
4801 4254
4801 4327
4801 4489
4802 245
4802 1052
4802 3704
4803 838
4803 3642
4803 4031
4804 1046
4805 2888
4805 3141
4806 2008
4807 183
4807 773
4807 4857
4808 1094
4808 2127
4808 4449
4809 652
4809 1520
4809 2217
4810 3644
4811 1648
4811 2307
4811 3120
4811 4231
4813 2772
4813 4181
4814 4778
4816 1865
4816 3714
4816 3965
4816 4323
4818 2820
4818 3245
4819 1108
4819 1832
4819 2328
4819 2492
4819 2930
4819 3039
4820 2171
4820 4124
4821 4048
4822 1275
4822 2357
4823 2078
4824 2173
4825 1081
4825 3759
4825 3900
4826 4932
4827 2330
4828 2404
4830 975
4830 1116
4830 1439
4830 2487
4830 2826
4831 560
4831 831
4832 2279
4832 2661
4832 4635
4833 1315
4833 2914
4833 3855
4834 1029
4834 2022
4835 470
4835 4393
4836 457
4836 4519
4837 1075
4837 2419
4838 346
4838 1948
4838 3000
4839 2191
4840 4575
4841 4801
4843 1063
4843 1893
4843 4169
4844 1748
4844 2329
4844 2867
4844 4833
4845 618
4845 4935
4846 2088
4847 2823
4847 2983
4847 4892
4850 568
4850 671
4850 2910
4850 3830
4851 2268
4852 504
4853 2838
4853 4025
4854 4774
4855 4557
4856 2972
4857 308
4857 2181
4858 391
4858 3641
4858 3792
4859 3082
4859 3303
4860 3530
4861 37
4862 1072
4863 2105
4863 2265
4864 877
4864 1450
4865 645
4865 4342
4865 4949
4867 1706
4868 19
4869 4073
4869 4146
4869 4877
4870 256
4870 1475
4871 395
4871 928
4871 3343
4871 3593
4872 238
4872 962
4873 2324
4874 4983
4876 14
4877 3314
4877 4621
4878 154
4878 1432
4880 2064
4880 2752
4880 2948
4880 4519
4881 2128
4882 2063
4883 1402
4883 3627
4883 4118
4884 1143
4884 4618
4885 1531
4885 4725
4885 4813
4888 4640
4889 4089
4891 4161
4891 4368
4891 4463
4893 137
4893 3326
4895 1864
4895 4246
4896 4276
4897 4693
4898 1866
4898 3495
4899 766
4899 3640
4900 432
4900 1956
4901 750
4901 1009
4901 4337
4902 2187
4902 2949
4903 711
4903 3521
4903 4950
4904 418
4904 1694
4904 3074
4904 4779
4905 2246
4905 3030
4906 4443
4907 1295
4907 3242
4908 334
4912 4801
4913 4043
4914 1350
4914 2001
4914 2621
4915 62
4916 3294
4917 480
4917 3844
4917 4060
4918 1141
4920 1116
4920 2225
4920 4289
4921 80
4921 2118
4921 2190
4921 2678
4922 1362
4922 1779
4922 3351
4922 4348
4923 4305
4924 27
4924 1820
4924 4069
4924 4442
4925 685
4925 1693
4926 339
4926 2074
4927 2070
4927 2640
4927 4789
4928 1984
4928 3452
4929 2435
4929 3307
4930 841
4932 308
4932 498
4932 1298
4932 1797
4933 2258
4933 2286
4933 3505
4934 103
4934 231
4934 2539
4934 4337
4936 381
4936 591
4936 1116
4936 2454
4936 3847
4937 2257
4938 585
4938 1698
4938 2337
4939 3321
4940 2311
4940 2566
4940 3722
4940 4326
4941 4265
4941 4278
4942 517
4942 2653
4942 4296
4944 1072
4944 2156
4944 3031
4945 1088
4945 4141
4945 4976
4946 4695
4946 4968
4947 334
4947 2402
4948 227
4948 1300
4948 4572
4949 1156
4949 4605
4950 472
4950 4019
4951 1406
4951 1988
4951 3015
4951 3352
4953 1418
4953 3055
4953 3711
4954 466
4954 4659
4955 4058
4955 4437
4956 1340
4956 4120
4957 319
4957 1307
4957 1632
4957 4111
4958 39
4959 514
4959 657
4959 3430
4960 621
4961 4490
4961 4511
4962 660
4962 1881
4963 722
4963 2870
4963 3855
4964 942
4965 345
4965 1765
4967 1701
4967 3645
4968 1257
4970 3895
4970 4813
4971 2606
4971 4679
4972 681
4973 2337
4974 291
4974 1373
4976 789
4976 4951
4977 2824
4977 4636
4978 569
4978 1068
4978 2053
4978 3713
4978 3779
4978 4636
4979 3638
4980 1453
4980 1504
4981 3140
4981 3261
4982 1965
4982 2305
4983 2160
4983 4570
4984 784
4984 4631
4986 3141
4986 3306
4986 4090
4986 4241
4987 2449
4987 4330
4988 1666
4988 2398
4988 2888
4989 4842
4990 4033
4990 4544
4991 1946
4991 2332
4992 3857
4994 2684
4994 4454
4994 4761
4995 3473
4996 891
4996 1980
4996 4351
4997 3509
4998 2519
4998 3342
4999 616
4999 2539
5000 1669
5000 2011
