4001
6402
3 2476
4 282
4 1988
5 1947
5 2313
5 3648
5 3735
6 715
8 2990
8 2994
9 1595
10 3013
11 1447
11 2411
13 697
13 1546
13 2230
13 2468
14 637
14 2732
15 959
15 2283
15 3840
16 1695
16 2131
18 440
18 3598
20 1517
20 2422
20 3787
22 984
22 2350
22 2778
23 1198
25 39
26 951
26 1185
26 2728
27 1402
27 1613
28 132
28 1105
29 3765
30 2524
33 150
33 3674
34 1494
34 2646
34 2815
34 3456
36 719
36 1258
36 2319
36 2360
36 3815
37 1636
38 907
39 1846
39 3449
40 332
40 648
41 679
41 2004
42 376
42 3156
42 3958
43 343
43 1118
44 675
45 3932
46 1651
46 1684
46 2756
46 3146
46 3758
47 2914
49 2308
49 2515
49 3441
50 2524
51 88
51 2939
52 3579
53 3475
54 1122
55 2862
55 3011
56 908
57 3405
58 1673
58 3279
59 316
59 880
59 1306
59 3541
62 769
63 126
63 1950
64 1551
64 2501
65 221
65 1284
66 2761
67 1263
68 451
69 1728
69 2043
71 3301
72 532
72 803
72 901
73 3361
73 3618
74 70
74 2658
74 2844
75 651
75 1918
76 3749
78 464
78 1186
78 2516
79 78
80 985
81 1432
81 3449
82 1500
82 1821
83 175
83 1221
83 1290
83 2631
83 3521
85 240
86 294
88 3082
88 3654
88 3781
91 2390
91 3018
92 1168
93 1579
93 2545
93 3577
95 1729
96 1980
96 3269
97 832
97 3764
98 3016
100 1264
100 2617
100 3672
101 2230
101 2322
102 1680
102 2227
104 1753
105 2017
105 2383
105 2817
105 3272
106 1298
106 3283
106 3581
107 114
107 2242
107 2662
107 3150
108 3253
108 3472
109 3289
110 3808
111 787
111 1858
112 1730
112 3424
112 3673
113 3725
114 495
114 2598
114 3756
114 3762
115 1821
117 2725
117 3864
120 66
120 3726
121 1291
121 2928
121 3188
122 263
122 2404
122 3696
122 3955
123 2156
123 3305
124 123
125 2995
126 818
126 933
126 1009
126 1873
126 2113
126 2183
127 179
127 3295
127 3820
129 1267
129 3865
131 2500
131 3979
132 602
132 2395
133 1115
133 2729
135 942
136 692
137 2984
138 2967
139 97
139 3152
140 120
140 2857
141 1169
142 2279
142 2575
142 3441
143 3189
144 1224
144 1483
144 1771
145 1718
147 2706
147 3637
149 520
149 2930
149 3515
151 3179
152 2640
153 2213
154 142
155 2425
155 2660
156 1928
156 3742
160 806
160 1641
162 1665
162 3837
164 314
164 1451
165 1363
167 2880
168 791
168 1191
168 1289
168 2632
169 268
170 1764
170 3346
171 332
171 2451
172 2480
173 2653
173 3253
173 3533
173 3940
174 2269
174 2893
175 816
176 46
176 68
176 2068
177 1873
178 3389
179 2191
180 2258
181 2001
181 2400
181 3390
181 3652
181 3762
182 561
182 953
182 1041
182 2697
184 490
184 3089
184 3113
185 2230
185 3681
185 3998
186 3113
186 3316
187 673
187 1733
190 3716
193 1174
194 437
195 74
195 2276
195 2540
196 20
197 1077
197 3136
197 3245
197 3647
198 59
198 943
198 2133
198 3405
199 442
201 1397
201 1491
201 1522
201 3957
203 211
204 3088
204 3422
206 2075
207 1537
209 2856
209 3312
210 1151
211 919
211 1707
211 3081
213 3410
214 3269
215 1292
215 2407
216 1011
216 2496
217 2046
217 2310
217 3612
218 98
219 1356
219 1561
221 193
221 266
221 970
221 1179
222 953
222 1951
222 3805
223 1890
223 2998
223 3185
225 497
226 729
226 3763
228 2044
228 3424
229 2482
229 3295
229 3815
230 180
230 1703
230 1740
232 3664
233 2205
234 2445
234 3810
235 1362
235 1928
235 2248
236 10
237 360
237 2678
237 3689
237 3887
238 292
239 175
239 343
239 2227
240 706
241 322
241 601
242 607
242 2142
242 2348
243 1347
243 2454
244 3102
246 698
246 2012
246 2050
246 3798
247 835
247 1888
247 2457
249 520
249 1921
250 439
250 2721
250 3663
252 1868
253 1010
253 2169
254 359
254 1810
254 2510
255 585
255 2650
256 3156
257 492
257 635
257 762
258 3291
259 1555
259 1823
261 3944
262 496
262 3192
263 1739
264 1547
264 2063
264 2699
264 3820
265 1189
266 1285
266 2650
267 1417
267 2362
269 1880
269 3388
269 3509
270 2686
272 846
272 1409
272 2960
273 919
274 1869
275 1893
276 2294
277 707
277 1101
277 3262
278 1111
279 2567
280 506
280 1076
281 1424
281 3679
282 1882
282 2752
283 3430
284 2589
285 1744
285 2407
286 3622
287 129
287 1338
288 1438
288 2159
288 2810
290 2555
292 63
292 3035
295 78
295 1250
295 1836
295 2094
296 458
297 2567
298 3203
299 2053
299 2995
299 3027
302 616
302 2309
302 3531
303 2256
303 3528
304 347
304 2409
304 3991
305 2085
305 3560
307 1279
307 2670
309 948
309 2602
309 3641
310 1802
310 3396
311 3028
312 1390
312 2399
312 2527
314 1049
314 1446
314 3074
315 734
315 783
316 721
316 2268
317 1415
317 2022
317 3494
317 3904
319 3337
320 2579
324 1381
325 7
325 20
326 1898
326 1990
326 2469
326 2504
326 3935
327 41
328 410
329 475
329 2085
331 763
332 764
332 2861
332 3316
335 694
335 2960
336 1217
336 2195
337 202
337 515
337 707
338 1369
338 2154
338 3247
340 2922
341 2071
341 2874
342 1086
342 2818
342 2990
343 1285
343 1876
343 3618
344 2749
344 3448
344 3696
345 2788
345 3060
345 3765
346 2044
346 2577
348 466
348 1982
349 176
349 1950
349 3493
350 1321
350 2150
352 2061
352 2158
352 3705
353 16
353 612
353 713
353 1278
354 2543
356 879
356 3279
357 3062
358 1086
360 553
361 3073
361 3098
361 3368
362 3361
363 20
363 3070
364 2447
366 606
366 3158
367 2579
368 2410
368 2424
368 3324
369 1730
369 3691
370 1088
370 3250
371 1521
372 1701
372 3808
374 3481
376 849
377 1527
377 2736
378 2290
378 3678
379 232
379 3035
380 3090
381 1513
381 2679
382 1728
382 2802
383 462
383 2676
384 2607
385 1010
385 1942
385 3990
386 999
386 1690
386 3781
388 443
388 3489
389 266
390 1480
390 1700
391 461
391 3489
393 2051
394 1232
394 2281
398 3243
401 394
401 3179
402 670
402 1881
402 3197
402 3485
403 2628
404 1293
405 85
405 517
406 324
406 940
406 2528
406 3074
407 2068
407 3242
408 1629
408 3245
411 2164
412 1744
413 1247
414 3019
414 3332
416 476
416 1460
416 2367
416 3611
418 312
419 1853
419 2244
419 3424
419 3834
420 2859
421 1447
421 1507
421 2892
421 3249
422 891
422 2467
422 3809
423 196
425 223
425 949
425 3907
426 3338
427 3706
428 2230
429 534
430 3076
431 3014
432 626
434 905
434 3982
435 2830
436 1640
437 3265
438 743
438 2466
439 2685
439 3841
440 1087
440 2275
440 3746
441 3499
444 2608
445 139
445 513
445 1704
445 3815
447 2525
449 441
450 2687
450 3090
451 1158
452 2299
453 1470
453 2721
454 267
455 1350
455 2514
456 1421
457 1031
457 1613
458 887
458 1595
458 2364
458 2489
458 3882
459 3255
460 1314
460 1415
460 1547
460 1727
461 1314
461 2214
461 3612
463 430
463 3191
464 1135
465 3673
466 1044
467 1024
467 2987
469 969
469 3020
470 1380
470 2028
470 2845
470 3946
471 234
471 3682
472 2650
472 3295
473 2409
475 3028
476 357
476 705
476 2701
477 541
477 827
477 1390
477 1943
478 1305
478 2403
479 2388
480 576
482 1296
482 2629
482 3208
483 614
483 1621
483 2325
483 2598
483 3391
487 1225
487 1958
488 2097
488 2221
489 228
489 1395
489 3385
490 62
490 915
490 2938
490 3343
490 3674
491 698
491 1403
492 1813
492 2188
493 2594
493 3281
496 2003
496 3056
496 3905
497 513
497 775
499 1637
499 1792
499 2323
500 2516
500 2536
501 1852
501 3241
502 543
502 2126
502 3563
503 766
504 1327
504 1997
504 2381
504 3278
506 1006
506 2673
506 3686
506 3781
507 2439
508 422
508 3034
508 3961
509 2164
510 657
510 2354
510 3902
511 231
511 1087
511 3380
512 1386
515 1069
515 1364
515 1686
517 407
517 664
519 1224
521 1515
521 2928
522 2111
523 1971
523 3507
524 1720
525 666
525 3024
527 1126
527 1839
527 3150
528 3202
529 1620
529 1687
529 1999
529 2540
530 346
530 3265
530 3705
531 2137
531 2311
532 2768
532 3866
533 2860
534 1405
534 2174
536 1963
536 2222
537 839
537 869
537 3182
537 3681
538 774
538 2943
538 3150
539 2548
540 3584
541 58
541 338
541 703
541 768
543 1619
543 2600
544 385
545 1390
545 2444
546 925
546 2417
546 3353
547 119
547 972
547 1877
548 20
548 871
548 947
548 1599
548 1899
549 3994
550 1563
550 1804
551 3858
552 1299
553 1411
554 788
554 1108
555 3586
556 1538
556 2192
557 132
558 776
559 2301
559 3426
561 687
561 1214
561 3568
562 2339
563 912
564 168
565 1952
566 767
566 2202
567 3797
568 1095
569 3780
569 3916
570 657
570 829
570 2199
571 1746
572 2882
573 1010
573 3482
573 3922
574 550
574 2394
574 3773
575 763
575 1247
575 2399
576 791
576 2085
579 2427
579 3830
580 2518
581 198
581 1794
581 3240
584 134
584 845
586 139
586 1473
586 1598
586 3172
587 424
587 1038
587 2276
588 330
589 560
589 3028
590 151
590 893
590 3396
590 3483
591 253
591 1760
592 1849
592 1926
592 2044
592 2091
592 3991
593 1252
594 2328
595 2029
595 2823
596 1402
597 14
597 962
597 2671
597 2991
600 1013
600 3811
601 2
601 3528
601 3574
603 1209
603 1615
603 3295
604 1831
604 3282
604 3554
605 588
605 1296
605 2037
606 572
606 2854
606 3315
607 308
607 983
607 1867
608 2945
609 1088
609 2061
609 3457
609 3523
610 2688
610 3792
610 3900
611 2348
611 2912
611 3857
612 3914
613 1094
614 620
614 870
614 3295
615 1722
615 2029
615 2371
616 1958
617 1631
618 2229
619 72
619 1057
619 2833
619 3044
621 2628
621 3977
622 3126
623 540
623 1498
623 1639
625 403
625 2580
625 3095
626 705
627 1077
627 3393
628 2184
628 3161
629 1259
630 2654
633 1300
633 3285
634 373
634 1198
634 2250
634 3964
635 2347
635 2927
636 112
636 843
636 2337
636 3784
637 199
637 3713
638 490
638 1500
639 80
639 2450
639 2956
640 571
640 687
640 1398
642 1549
642 3222
643 776
644 467
644 2301
647 3042
649 280
649 2521
649 3287
650 362
650 1815
650 2859
651 2278
651 2692
651 3433
652 1934
652 2168
653 3837
654 1540
655 1430
656 2055
656 2597
657 2980
659 1647
659 3242
660 231
660 377
661 71
661 3829
662 3389
663 3741
665 2787
665 3905
665 3923
666 37
666 3151
666 3198
667 2219
668 1928
669 1453
669 3345
670 2619
670 2891
672 693
672 2725
673 327
673 940
674 1820
675 3797
677 206
677 2324
678 757
679 280
679 538
679 1973
679 2156
680 637
680 1847
680 2103
681 799
681 2343
682 526
682 1015
683 1248
683 2165
684 810
684 1545
685 510
687 2702
688 131
688 2576
689 536
690 917
690 2795
690 2942
691 468
691 2906
692 719
693 1466
693 2197
694 180
694 1331
694 2484
694 3194
698 2478
699 3915
700 1995
700 3804
701 2144
704 1158
705 946
705 1102
705 2860
706 2722
706 3818
709 335
709 3325
710 3694
712 3407
713 518
713 3460
714 2171
714 2418
714 3220
714 3711
715 147
717 768
718 1717
719 1133
720 622
720 2429
720 2999
721 1011
722 2531
724 584
725 1500
725 1753
725 1892
728 202
730 188
731 2078
731 2787
732 106
732 1612
734 1545
735 28
736 1148
736 3232
737 3343
737 3594
739 15
739 142
739 637
739 2355
739 3058
740 471
740 935
740 1388
740 2937
741 1095
741 1854
741 2110
741 2880
743 3470
744 1524
744 2143
745 601
745 746
745 2355
745 3506
746 3618
747 35
747 3414
748 1900
748 2539
749 1494
750 825
750 1356
751 346
751 1235
752 3255
752 3393
753 2541
754 1991
756 679
757 966
758 3390
759 2710
760 675
760 912
760 1265
760 1717
762 1202
762 2575
763 1291
763 2095
764 718
765 1928
766 578
766 1958
767 2264
767 2794
768 3475
769 2659
770 2193
770 2657
771 2890
772 3018
773 2816
774 1333
774 2372
775 1862
775 1952
776 2634
779 227
779 2459
780 3371
781 3683
783 3466
784 3928
785 188
786 2127
786 2278
787 1965
788 2403
789 1450
789 1626
789 2323
791 2897
791 2902
791 3651
793 2415
793 3503
794 2414
794 3837
795 1686
796 3549
797 388
798 1198
799 1327
799 2555
800 2023
800 3495
801 1637
801 1905
801 2021
802 257
802 843
802 1378
802 2179
802 3078
805 489
806 302
806 390
807 997
807 1986
808 3166
809 1747
809 2180
809 2880
809 3211
810 213
811 841
812 1411
813 1256
813 1268
813 3592
815 3324
816 1094
816 2555
817 3092
817 3384
819 3827
821 3092
822 898
822 1280
822 2598
823 716
823 844
824 316
825 2660
826 2996
828 663
829 98
829 3575
830 712
830 3071
830 3430
831 1350
832 1055
832 1697
832 3245
832 3738
833 3822
834 2692
835 2246
835 3084
836 1889
837 3823
839 704
839 989
840 2634
841 985
841 3439
842 708
842 927
842 1099
842 1707
843 704
843 3740
844 2645
844 2863
847 1336
848 15
848 1344
848 3471
849 3592
850 626
850 663
850 1695
852 287
852 749
852 3795
855 3113
856 3174
856 3600
856 3795
858 172
858 2496
859 2517
859 3530
860 676
860 2584
861 132
861 504
861 2085
862 1553
863 465
864 3435
865 3504
866 2480
866 3167
867 337
867 3404
868 1273
868 2579
868 2928
868 3036
870 2279
870 3039
872 428
872 1719
873 268
873 879
873 1625
874 3935
875 1403
875 2516
876 1901
876 3507
877 3603
878 1787
879 3371
882 749
882 3320
883 312
885 1108
885 2827
885 3801
887 342
887 1789
887 3148
887 3220
888 852
888 1367
888 2463
888 3082
888 3225
889 852
889 4000
890 2236
891 906
892 2804
892 3696
893 1592
894 1915
894 3722
895 2555
895 2646
897 474
897 2372
898 2418
899 256
899 422
899 1359
899 1979
899 2054
901 2738
902 1147
902 1171
903 1295
903 2358
903 3446
904 3263
905 3495
905 3622
907 2097
907 2586
907 3663
908 2658
909 2276
910 504
911 642
911 2506
912 1883
912 1968
913 2927
914 2763
915 646
915 2145
915 2735
918 1548
920 15
920 734
920 858
921 2844
922 896
922 1063
922 1974
923 1750
924 1236
924 3003
924 3642
925 212
925 2739
927 942
928 1489
928 2474
929 358
929 994
929 2561
929 3043
930 1175
930 3314
931 2627
931 3347
932 842
932 1350
932 2926
933 481
933 723
933 2039
933 3531
933 3866
934 1738
934 2738
934 2742
935 708
935 2055
936 3802
937 2237
939 119
939 621
939 2296
941 1891
941 2393
942 2121
943 942
943 1168
943 1192
944 2728
945 1005
946 2359
947 3920
949 2613
950 868
951 512
951 1850
951 2552
951 3271
952 1224
953 1351
953 2283
955 339
955 2352
956 3647
956 3798
957 579
958 312
958 2322
959 489
959 1952
959 2938
959 3609
960 402
962 819
962 2481
962 3361
964 1792
965 1951
966 3955
969 860
969 1906
969 3714
970 342
970 447
971 92
972 2399
972 3262
973 1429
976 985
977 1213
978 1663
979 337
979 1679
981 298
982 1481
982 2037
982 3139
983 3474
984 1820
985 3323
986 1756
988 2679
988 3784
989 365
989 1163
989 1529
989 2422
990 2394
991 1514
991 2340
992 2044
994 135
994 905
994 2276
996 2350
997 1369
999 793
999 859
999 2489
1001 1433
1001 1873
1003 276
1003 429
1003 1665
1004 1636
1004 3073
1005 980
1005 3808
1005 3878
1008 2101
1009 115
1009 798
1009 2897
1009 3181
1010 1565
1012 2324
1012 3042
1013 454
1013 995
1013 1524
1013 2093
1013 3821
1013 3840
1014 1850
1014 3618
1014 3732
1015 508
1015 1331
1015 2500
1016 1377
1016 1977
1016 3183
1019 983
1020 835
1020 2531
1020 2589
1020 3545
1021 2819
1022 3447
1022 3581
1023 1271
1023 3704
1024 1393
1024 3424
1025 2644
1027 1611
1027 1975
1029 274
1029 510
1029 1291
1029 1405
1029 3703
1030 1277
1031 616
1032 2338
1033 2089
1033 2643
1034 2869
1035 2781
1036 1846
1036 3690
1037 709
1037 797
1037 1560
1039 2371
1040 393
1040 3408
1041 1523
1041 1685
1041 1733
1044 636
1044 3761
1045 3842
1046 1489
1047 372
1048 3111
1048 3393
1048 3612
1050 1893
1051 1191
1051 1971
1052 50
1052 2706
1053 275
1053 2634
1054 1940
1055 484
1055 988
1055 1321
1055 2832
1055 2919
1056 1476
1057 543
1057 3064
1057 3244
1058 2577
1058 3815
1058 3884
1059 62
1059 1419
1062 1975
1063 2024
1065 3515
1066 1097
1066 1151
1067 669
1068 235
1068 2600
1068 3586
1069 347
1071 563
1071 2331
1075 1101
1075 2571
1076 1008
1076 1712
1076 2465
1078 1148
1078 2368
1079 83
1079 1913
1080 222
1080 2410
1081 1559
1081 2094
1081 3656
1087 1671
1087 2332
1087 2491
1087 2514
1087 2697
1088 835
1090 1388
1090 3614
1091 1062
1091 1235
1092 83
1092 1548
1093 1262
1093 1761
1093 1792
1093 2980
1095 2183
1096 1646
1096 3900
1097 3743
1098 113
1099 937
1099 1414
1099 1783
1099 2150
1100 3397
1101 544
1104 1189
1104 3290
1105 346
1105 1213
1105 1720
1106 1499
1107 690
1107 3996
1108 705
1109 3651
1111 1822
1111 2981
1111 3587
1113 919
1115 137
1116 3177
1117 1037
1118 1447
1119 797
1119 1370
1119 1484
1119 2461
1119 2714
1120 2871
1120 3733
1121 1729
1122 3983
1124 898
1124 2653
1124 3414
1125 3780
1126 915
1126 3764
1127 830
1128 2583
1129 2019
1132 2563
1132 3201
1133 2977
1133 3390
1135 2669
1136 2187
1137 586
1137 1883
1138 3619
1139 247
1139 1374
1139 2753
1140 2439
1140 2677
1141 1727
1141 3519
1142 3155
1143 2002
1143 2302
1145 24
1145 809
1145 2629
1146 3203
1147 3630
1148 250
1148 1628
1148 1821
1148 2463
1148 2566
1150 1214
1152 1827
1153 2184
1153 3634
1154 1404
1154 2849
1154 3059
1154 3345
1154 3625
1155 2889
1156 2070
1156 2180
1156 2513
1156 3065
1157 1509
1158 2952
1158 3199
1159 1894
1160 963
1160 3005
1160 3508
1161 2758
1162 642
1162 3777
1163 504
1163 3572
1164 3418
1166 890
1166 1241
1168 76
1168 1893
1168 3052
1168 3379
1169 1262
1169 2796
1170 2458
1172 780
1172 1833
1172 2990
1173 3853
1173 3972
1174 2165
1174 2640
1176 153
1176 527
1176 3417
1177 1465
1177 3236
1179 1975
1179 1984
1179 2093
1180 42
1180 2589
1181 3491
1183 129
1183 248
1184 697
1184 1414
1184 1707
1184 2537
1185 2194
1185 3958
1187 1160
1187 2773
1187 3700
1187 3740
1187 3835
1188 3544
1189 1710
1189 2935
1190 2151
1190 3835
1191 2347
1192 23
1192 3671
1194 345
1194 3073
1194 3156
1194 3694
1194 3987
1195 1087
1195 2423
1197 1097
1197 1204
1197 1713
1198 722
1198 832
1198 904
1200 1373
1201 483
1201 1238
1202 1619
1203 728
1203 3960
1204 594
1204 1108
1204 3068
1206 2462
1208 111
1208 553
1208 2845
1209 972
1209 1889
1209 3893
1210 18
1210 79
1210 1837
1211 1160
1211 2690
1212 506
1212 878
1213 1467
1213 2164
1213 3702
1214 688
1214 1144
1215 1692
1215 2984
1215 3058
1215 3189
1216 1083
1219 1933
1219 2753
1219 3095
1221 3961
1222 1911
1222 3607
1223 844
1223 3446
1224 3967
1225 508
1225 1905
1225 3003
1228 1260
1228 2764
1229 1289
1229 3619
1229 3836
1230 3290
1231 875
1231 2214
1232 3351
1233 3676
1236 1356
1236 1819
1236 2564
1237 238
1237 725
1237 2489
1237 3548
1238 51
1238 2896
1239 403
1239 3464
1240 2234
1240 3115
1242 602
1242 1111
1244 1825
1244 3049
1245 3207
1245 3840
1246 1567
1248 930
1248 2036
1248 2078
1248 2534
1248 3546
1249 1783
1250 436
1251 854
1251 951
1251 2081
1253 1854
1253 2642
1253 2670
1253 3920
1255 806
1255 903
1255 3387
1256 2836
1257 1071
1257 1142
1257 2511
1257 3252
1258 942
1258 1953
1259 762
1259 2613
1259 3431
1259 3855
1261 875
1261 1104
1261 3627
1262 379
1264 1090
1264 1198
1265 969
1266 75
1266 1161
1266 2654
1266 3300
1268 68
1268 2872
1269 325
1270 1225
1270 2096
1270 3107
1271 1445
1271 1610
1271 2965
1271 3399
1272 357
1272 1181
1273 1551
1273 1635
1275 297
1275 1246
1275 2124
1275 3499
1275 3653
1276 80
1276 968
1276 1161
1276 1484
1277 847
1278 54
1278 2639
1278 2768
1281 1402
1281 2993
1282 1884
1283 461
1283 2204
1283 2476
1283 3311
1283 3326
1283 3504
1283 3734
1284 885
1285 2457
1285 3899
1286 460
1286 1585
1286 1642
1286 1982
1289 3169
1290 1389
1290 3014
1291 3644
1291 3793
1291 3954
1292 1797
1293 427
1293 3351
1294 1867
1294 1954
1294 2195
1294 2397
1295 2619
1295 3376
1297 924
1297 3478
1297 3579
1298 3237
1299 474
1299 696
1299 1269
1299 3841
1300 2269
1301 1755
1301 1797
1303 489
1305 946
1308 75
1308 453
1309 872
1309 1081
1309 1761
1310 227
1310 316
1311 3812
1312 2728
1312 3141
1313 437
1313 1240
1314 696
1314 2939
1314 2981
1314 3421
1315 953
1315 1627
1317 224
1319 400
1320 1536
1322 80
1322 2481
1325 1423
1326 1378
1326 1642
1329 1067
1329 1387
1329 2647
1330 2864
1330 3358
1331 1950
1331 2377
1331 3328
1331 3556
1332 909
1332 2694
1334 233
1334 2682
1334 2893
1334 3149
1335 3651
1336 971
1336 1943
1337 3774
1338 3703
1338 3933
1339 969
1339 1289
1339 3845
1340 2507
1340 2855
1341 730
1341 1481
1341 3983
1342 1271
1342 1782
1343 2303
1344 3387
1344 3746
1345 1646
1345 2266
1345 3297
1347 1359
1348 3420
1349 573
1349 2586
1349 3245
1349 3507
1350 940
1351 3524
1352 861
1353 1395
1353 1924
1355 1142
1355 1841
1356 279
1356 2040
1356 2055
1356 2749
1357 934
1357 1792
1357 3613
1358 2350
1359 2544
1359 2992
1360 2513
1360 3203
1361 1517
1363 2138
1363 3863
1364 630
1365 2440
1367 331
1368 1846
1368 3044
1369 1682
1370 1259
1371 691
1371 1711
1371 3106
1372 1776
1374 3045
1375 1
1375 69
1375 1045
1375 1645
1375 2005
1375 3682
1375 3861
1376 282
1376 1892
1377 2475
1377 3603
1377 3720
1378 3313
1379 451
1379 1197
1379 3233
1379 3453
1379 3898
1380 353
1380 984
1380 3224
1381 637
1382 54
1382 909
1383 2466
1383 2503
1384 2709
1385 639
1385 2989
1385 3232
1386 300
1386 3354
1388 492
1388 1035
1388 2772
1390 1778
1390 3751
1392 1480
1392 2025
1392 2222
1394 318
1394 2073
1394 2557
1395 2764
1396 2221
1396 3266
1397 3709
1401 1729
1401 2433
1402 1828
1405 1896
1406 740
1406 2984
1407 997
1407 1328
1407 1415
1407 1640
1407 3671
1408 1959
1409 1036
1410 3782
1411 202
1412 1394
1412 1461
1416 21
1417 1737
1417 3312
1418 3649
1419 2724
1420 570
1421 2524
1421 3979
1422 1950
1424 2589
1424 3455
1424 3670
1425 446
1425 467
1425 1383
1426 844
1428 2269
1428 3181
1430 2130
1430 2306
1430 3937
1431 1201
1431 1697
1432 528
1432 2065
1432 2491
1432 3211
1432 3521
1433 3488
1434 3998
1435 2692
1435 3291
1436 1258
1437 1489
1437 2686
1438 1236
1438 2294
1438 2998
1438 3589
1438 3948
1438 3973
1439 2823
1441 1767
1442 1707
1443 913
1443 1325
1444 2612
1445 1152
1445 3890
1446 811
1446 1833
1447 2894
1447 3581
1448 207
1448 1429
1448 2072
1449 3992
1450 2532
1452 64
1452 855
1453 1081
1454 3875
1456 2180
1456 3720
1457 1705
1458 1758
1458 2886
1458 3352
1459 756
1460 169
1460 484
1460 569
1460 654
1460 655
1460 3017
1461 2056
1461 3646
1462 2185
1463 274
1463 2085
1463 3973
1465 1530
1465 2392
1468 2666
1469 246
1469 1063
1470 135
1470 1398
1471 2526
1471 2825
1474 1233
1474 2568
1474 3840
1475 180
1477 2505
1477 2649
1478 165
1478 1106
1480 1081
1481 3928
1483 3567
1484 2001
1484 2075
1484 3492
1485 341
1485 1603
1485 3282
1486 1136
1486 2563
1488 2029
1490 1174
1490 1499
1490 2647
1491 1331
1492 219
1492 733
1495 1512
1495 3378
1497 2599
1498 3568
1499 2324
1500 2897
1500 2976
1501 2229
1501 2365
1501 3740
1502 2015
1502 2018
1503 498
1503 2377
1503 3636
1504 1567
1504 3559
1505 3435
1506 1813
1506 2502
1506 3323
1507 2846
1507 3808
1508 1524
1509 1328
1509 2467
1509 3076
1510 141
1510 858
1511 646
1511 3218
1512 1587
1514 3950
1515 748
1516 3026
1517 1222
1517 3264
1517 3675
1518 972
1520 3183
1520 3609
1521 2571
1522 275
1522 480
1522 710
1523 3059
1525 898
1529 3502
1530 3357
1531 1988
1531 2557
1532 2205
1532 2683
1532 3958
1534 1017
1534 2588
1535 2435
1535 2882
1536 291
1536 467
1536 1138
1537 396
1537 1480
1537 1833
1537 3543
1537 3803
1537 3881
1538 2679
1540 1455
1541 1270
1541 1788
1541 2408
1541 2601
1541 3172
1542 392
1542 2922
1542 3389
1543 349
1543 1252
1543 3663
1545 180
1545 1393
1545 3081
1545 3356
1546 1209
1546 2497
1547 437
1548 1053
1548 3497
1554 2009
1556 2470
1557 1018
1557 1745
1557 2512
1557 2627
1557 3815
1557 3921
1558 361
1561 269
1561 3002
1562 352
1562 2822
1563 1047
1563 1563
1563 2526
1563 2926
1563 3541
1563 3685
1564 84
1564 1542
1566 3787
1567 165
1567 3758
1568 1275
1570 759
1570 3992
1571 472
1571 872
1572 2626
1572 4001
1573 1227
1573 2449
1573 2595
1573 3225
1573 3285
1573 3995
1574 632
1575 812
1576 259
1578 1072
1580 646
1581 3457
1582 1866
1583 516
1583 707
1583 2011
1583 2031
1583 3306
1584 103
1584 3720
1587 659
1587 1609
1587 1870
1587 2136
1587 2569
1587 3703
1587 3812
1588 1306
1589 579
1589 1234
1590 2918
1590 2952
1593 454
1593 2496
1593 2818
1593 3117
1594 313
1594 3515
1595 189
1597 180
1598 1397
1598 2048
1599 183
1599 3142
1600 1089
1600 1490
1600 2606
1601 59
1601 3948
1603 476
1603 979
1604 1510
1604 3830
1606 2907
1606 3963
1609 954
1609 2023
1609 2232
1610 3321
1611 697
1611 2176
1612 430
1613 1485
1613 1957
1613 2150
1613 2939
1613 3824
1614 2709
1615 1543
1615 3283
1616 1714
1616 2365
1617 2935
1618 3782
1619 2229
1619 2476
1619 3008
1620 538
1620 725
1621 72
1621 1879
1624 2679
1625 667
1627 1543
1627 1730
1627 3153
1628 935
1629 342
1629 3323
1630 2486
1631 409
1631 991
1631 2714
1631 3666
1632 1227
1632 2954
1632 3811
1633 2007
1633 3207
1634 136
1635 1782
1635 3420
1635 3499
1635 3876
1636 1000
1637 526
1638 925
1638 1000
1638 3235
1639 836
1639 2718
1640 955
1640 1561
1641 737
1641 2037
1641 3220
1642 1165
1642 1914
1642 3033
1642 3413
1643 3552
1644 3822
1647 206
1647 890
1648 3275
1649 2801
1650 1527
1651 624
1651 1689
1651 2794
1651 3670
1652 2841
1652 3570
1653 192
1653 2270
1653 3770
1655 976
1655 1441
1655 3424
1656 2802
1657 7
1657 3286
1658 164
1658 1680
1659 2881
1660 1020
1660 1061
1660 1611
1661 1733
1661 2913
1662 412
1662 2788
1663 3335
1664 292
1664 968
1664 1093
1665 74
1666 386
1666 1372
1666 2315
1667 57
1667 3535
1668 1582
1669 1250
1669 1254
1671 276
1671 1973
1671 2884
1671 3395
1672 542
1672 3619
1673 2587
1675 910
1675 3521
1676 2520
1677 1520
1677 2528
1677 2799
1678 186
1679 2366
1679 2610
1679 3846
1680 2236
1681 1755
1681 2341
1681 2774
1682 2130
1682 3744
1683 158
1683 3799
1684 2013
1684 2771
1687 844
1687 2958
1688 2056
1689 1637
1689 2908
1690 1452
1690 1456
1692 2384
1693 1197
1693 1452
1694 361
1694 524
1694 2737
1694 3727
1696 519
1698 1440
1699 2484
1699 3143
1699 3481
1701 1292
1703 2747
1704 3179
1705 79
1705 996
1706 25
1706 2147
1707 3879
1708 1185
1708 2067
1708 3208
1708 3316
1709 797
1709 3129
1709 3510
1710 15
1710 2432
1710 3842
1711 1191
1712 39
1713 1862
1718 2260
1718 3565
1718 3609
1720 2342
1720 3221
1721 299
1722 2471
1723 849
1726 2017
1726 2814
1728 1264
1729 1401
1729 2165
1729 2647
1729 3328
1730 1416
1730 2658
1731 2040
1731 3180
1732 993
1732 1262
1732 3339
1732 3342
1733 751
1733 2263
1733 2597
1733 2892
1733 3896
1734 417
1734 3427
1735 1293
1735 3712
1736 1534
1736 2821
1736 2871
1737 2340
1738 611
1738 1355
1739 449
1739 1294
1740 160
1740 2431
1741 620
1741 1472
1741 2437
1742 990
1743 1480
1743 2442
1743 2557
1743 3928
1744 1688
1744 2266
1744 2712
1744 3930
1746 1323
1746 3667
1748 803
1748 1162
1748 2534
1748 3998
1749 902
1750 39
1750 2270
1752 1211
1753 884
1754 928
1754 1007
1754 1249
1754 2404
1754 2434
1755 1797
1756 1157
1756 1985
1756 3806
1758 2674
1758 3886
1759 1940
1759 3146
1759 3165
1759 3335
1760 3354
1761 20
1761 168
1762 560
1762 3916
1763 106
1763 2509
1764 493
1764 1958
1764 3398
1765 1625
1766 627
1766 1189
1767 2515
1768 888
1770 820
1770 3991
1771 3550
1773 1322
1773 1727
1773 1801
1773 2821
1775 2451
1776 297
1776 2188
1776 2989
1776 3278
1777 3299
1779 309
1780 2160
1781 968
1782 680
1782 3128
1783 459
1783 2026
1784 2900
1785 1243
1785 3739
1786 124
1786 1894
1787 2580
1788 1820
1789 2383
1790 2963
1791 2869
1792 1456
1793 433
1793 3243
1793 3488
1794 1852
1794 2927
1794 3708
1795 3064
1796 1891
1796 2092
1798 2296
1798 2477
1798 3612
1799 3078
1800 816
1800 2483
1801 884
1802 395
1802 2036
1802 3093
1803 298
1803 500
1803 548
1803 2006
1804 2039
1807 986
1807 990
1807 1390
1808 164
1809 498
1809 3668
1810 689
1810 1713
1810 1914
1810 2873
1810 3831
1811 2447
1812 171
1812 776
1812 1501
1812 1601
1812 2554
1814 3329
1815 1139
1815 3065
1816 1620
1816 3852
1817 708
1817 3029
1818 249
1818 3750
1819 787
1821 2630
1822 617
1822 2509
1824 246
1824 3217
1825 677
1825 1157
1825 1929
1825 3496
1825 3856
1826 820
1826 1621
1826 2046
1826 3448
1827 798
1828 3112
1829 661
1829 1704
1829 2416
1829 2872
1830 1091
1830 2887
1831 2807
1833 1759
1834 72
1835 214
1836 1711
1836 2521
1837 1475
1837 2047
1837 3367
1837 3688
1838 3413
1840 1696
1840 3438
1840 3512
1841 291
1841 1137
1841 1260
1841 2466
1842 202
1842 496
1842 1011
1842 1761
1842 1919
1843 3127
1843 3987
1844 722
1844 3091
1845 2719
1845 3346
1847 329
1847 952
1847 1854
1848 2134
1848 3458
1849 56
1850 1657
1850 2087
1850 3454
1850 3490
1852 32
1852 241
1852 284
1852 603
1854 1354
1855 646
1855 924
1855 1086
1857 354
1857 1915
1858 2860
1860 1982
1860 1998
1861 2907
1862 3532
1862 3956
1863 77
1863 914
1863 2566
1863 3377
1864 239
1864 1261
1865 1289
1865 2309
1866 1217
1866 1910
1866 2034
1866 2058
1866 2647
1866 2908
1868 3031
1869 400
1869 870
1870 84
1870 759
1872 2915
1873 1501
1873 2571
1874 958
1875 369
1877 124
1877 394
1878 3938
1879 222
1879 252
1879 2518
1880 22
1880 3223
1880 3536
1881 375
1881 520
1881 1905
1883 1053
1883 2364
1884 2204
1884 3600
1886 219
1886 948
1886 1641
1886 1681
1886 2688
1887 1500
1887 2890
1888 660
1888 2375
1888 2982
1888 3535
1888 3874
1889 269
1889 1482
1890 46
1890 3097
1890 3593
1891 721
1893 174
1893 2163
1893 3188
1894 1146
1894 3579
1895 1036
1896 636
1896 2970
1897 724
1897 2870
1898 2153
1899 2806
1899 3997
1902 299
1902 2330
1902 2520
1902 3760
1903 662
1903 2929
1903 3240
1904 223
1904 2295
1905 61
1905 1773
1907 1270
1908 3223
1909 400
1909 3846
1909 3907
1911 97
1911 717
1911 877
1911 3660
1912 3397
1914 1329
1914 1550
1914 1786
1914 2707
1914 3112
1914 3326
1916 689
1916 754
1916 2031
1916 3349
1917 869
1917 1081
1917 3153
1918 1255
1918 3479
1918 3557
1918 3997
1919 366
1920 616
1921 1094
1921 1640
1921 2878
1921 3450
1922 438
1923 2048
1923 2515
1924 855
1924 2030
1926 1408
1927 2657
1927 3892
1928 668
1929 3852
1931 2124
1932 106
1932 938
1932 2974
1933 1268
1933 3853
1934 891
1934 3153
1935 943
1935 2830
1936 2890
1936 3015
1937 3837
1938 401
1938 2810
1938 2938
1938 2961
1938 3255
1938 3352
1939 3021
1940 226
1941 609
1941 752
1941 3530
1941 3563
1942 704
1942 1444
1942 2329
1942 2445
1942 3500
1944 2966
1945 2369
1945 3343
1945 3349
1945 3911
1948 1949
1948 3751
1949 2126
1949 3781
1950 640
1950 3026
1950 3776
1951 1585
1951 3289
1951 3474
1952 294
1952 753
1952 1387
1953 1312
1954 842
1955 759
1955 1217
1956 3252
1957 1027
1959 2406
1960 1761
1960 2591
1960 3013
1961 1020
1962 2661
1963 2890
1963 2926
1965 875
1966 777
1966 3949
1967 3019
1967 3481
1968 2908
1968 2938
1969 2768
1970 2460
1970 2975
1970 3334
1972 3255
1973 99
1973 1305
1973 3645
1974 1394
1974 3371
1974 3781
1975 1530
1976 1690
1979 494
1979 2964
1981 813
1981 2444
1982 1652
1982 3096
1983 1097
1983 1745
1983 1921
1983 2051
1983 2068
1985 562
1985 1057
1986 317
1986 696
1986 985
1986 1040
1986 2278
1986 2828
1987 1263
1987 2671
1988 694
1988 1447
1988 1776
1989 238
1989 2527
1990 605
1991 449
1991 1265
1991 3416
1992 2235
1992 2697
1992 3141
1993 1853
1994 3900
1995 2041
1995 2655
1995 3265
1996 1616
1996 1995
1997 1315
1998 3420
1999 3278
2000 1120
2000 1597
2000 3631
2001 1298
2001 1887
2002 914
2002 2397
2004 3893
2005 1427
2007 238
2007 3057
2008 5
2008 95
2008 1433
2009 3439
2010 1123
2010 3931
2011 458
2011 1542
2012 2432
2012 2827
2014 1858
2014 3185
2015 1762
2016 2044
2017 3713
2018 718
2018 1761
2018 3602
2019 921
2019 2780
2019 3580
2021 179
2022 699
2024 664
2024 3577
2025 1085
2025 1880
2025 2731
2025 3349
2026 351
2026 1478
2026 3545
2027 2561
2028 1677
2028 2048
2028 2107
2029 958
2029 1006
2029 1754
2030 1813
2030 3504
2031 453
2031 1304
2032 1331
2032 1513
2033 593
2034 428
2034 516
2034 1308
2034 1413
2035 1087
2035 1347
2035 2792
2036 1638
2036 3971
2037 3591
2038 976
2038 3810
2040 3871
2040 3874
2041 1859
2042 2756
2044 1707
2045 2901
2046 2621
2046 3820
2047 117
2047 2325
2048 248
2048 619
2048 1754
2048 3314
2049 899
2049 1332
2049 3214
2050 3046
2051 38
2051 263
2051 1499
2051 2179
2053 1176
2053 1318
2054 584
2054 1084
2054 1156
2054 3568
2055 644
2055 1834
2055 1932
2055 2694
2055 3444
2056 770
2056 945
2056 1667
2056 3455
2057 1670
2058 831
2059 1754
2059 3940
2060 796
2060 828
2061 2357
2061 3706
2065 1182
2065 1266
2065 2434
2065 3207
2066 282
2066 3018
2067 10
2067 3357
2068 3246
2069 3238
2069 3514
2072 1712
2072 2860
2072 3154
2074 1155
2074 1182
2076 1405
2076 1959
2076 2936
2079 886
2079 2298
2080 1644
2080 3882
2081 2078
2081 2804
2081 2825
2082 2099
2082 3280
2083 3652
2084 917
2084 1150
2084 2488
2084 2502
2085 1247
2086 1832
2086 3110
2087 1668
2088 2068
2089 1455
2089 3861
2091 1466
2091 1808
2091 2912
2093 3568
2093 3913
2094 2733
2094 3634
2095 2200
2096 3174
2096 3904
2098 627
2098 2843
2099 1325
2099 1994
2099 3844
2100 1037
2100 2191
2100 3183
2103 1099
2103 1653
2103 3800
2104 1509
2104 1601
2104 1740
2107 1894
2108 2317
2110 32
2110 2504
2111 2083
2112 433
2113 2314
2115 489
2115 2681
2115 2722
2117 496
2118 1746
2120 3925
2122 432
2123 13
2123 89
2123 1828
2129 2370
2129 2966
2131 2542
2131 2742
2133 209
2133 2912
2134 1036
2136 47
2137 18
2137 2847
2139 557
2141 413
2141 780
2141 801
2142 3302
2144 323
2144 2730
2145 993
2145 3855
2147 2647
2149 175
2149 2510
2149 2712
2150 512
2150 2257
2151 132
2152 2442
2152 3698
2152 3939
2155 157
2156 1351
2157 784
2157 1490
2157 1685
2157 2595
2158 3369
2158 3705
2159 2618
2161 514
2161 812
2161 3659
2162 997
2162 2320
2163 1943
2163 2257
2163 3640
2164 900
2164 3680
2164 3769
2165 1230
2166 563
2166 2334
2168 3035
2169 43
2169 1110
2169 2313
2170 1894
2170 2741
2171 2428
2172 2201
2172 2261
2172 3755
2173 2672
2174 142
2174 1766
2175 275
2176 1
2176 1904
2177 1561
2177 2972
2178 1153
2178 1448
2180 817
2180 2659
2183 199
2185 1190
2186 579
2187 133
2188 1663
2188 3939
2190 103
2190 510
2192 3644
2193 500
2193 941
2193 1495
2194 364
2194 1535
2194 2303
2195 2461
2197 1567
2197 2261
2198 3433
2199 2299
2199 3238
2199 3951
2200 1535
2201 835
2201 1687
2201 2932
2204 2351
2205 1356
2205 1359
2206 67
2206 3007
2208 599
2209 434
2210 409
2210 1235
2210 1268
2211 3919
2212 676
2213 2104
2215 817
2215 2523
2215 3424
2215 3453
2216 2759
2217 2748
2217 3160
2219 2588
2220 2784
2221 749
2221 889
2221 2440
2222 1478
2223 2755
2224 56
2224 2869
2225 90
2225 1231
2225 1758
2227 863
2227 3524
2228 1592
2228 2513
2228 2960
2229 620
2229 3847
2230 607
2232 1655
2232 2587
2232 3864
2234 1614
2235 2861
2235 3351
2235 3585
2236 1258
2236 1843
2236 2995
2236 3987
2237 2088
2238 1111
2242 195
2242 1413
2243 2727
2244 1964
2244 3605
2244 3850
2245 2804
2245 2903
2245 2984
2247 388
2247 1199
2247 1252
2247 2286
2247 3855
2249 2198
2250 105
2250 593
2250 1678
2250 3744
2251 33
2251 1502
2252 540
2252 1790
2253 336
2253 495
2253 1845
2255 223
2255 3444
2256 1721
2256 3854
2258 2351
2258 3081
2259 776
2259 3189
2260 609
2260 987
2261 960
2262 871
2262 1749
2262 2088
2263 42
2265 553
2265 904
2265 3332
2266 572
2266 3034
2267 1485
2267 2812
2268 636
2270 420
2271 2009
2271 3276
2274 2204
2274 2209
2274 2240
2275 2939
2276 1520
2277 744
2277 2533
2279 1784
2280 1684
2280 3088
2282 1616
2282 3485
2283 184
2283 2950
2283 3063
2284 351
2284 2738
2284 3042
2284 3331
2284 3496
2284 3935
2286 41
2286 1566
2287 1037
2287 2396
2289 710
2290 373
2290 1270
2290 1822
2290 1936
2291 2030
2291 3758
2292 772
2293 3374
2293 3596
2294 1088
2294 1604
2296 225
2296 1025
2297 1114
2298 559
2298 1193
2299 100
2299 2027
2299 3627
2301 496
2301 658
2301 1344
2301 1717
2302 732
2302 1531
2302 2102
2302 3692
2303 2096
2304 205
2304 2794
2305 247
2305 275
2305 1989
2306 474
2306 1185
2306 1512
2307 935
2307 1965
2307 3969
2308 75
2308 2294
2309 1702
2310 2325
2310 3348
2311 85
2312 497
2312 714
2312 3450
2313 91
2313 138
2314 924
2314 3613
2317 53
2318 1596
2318 3833
2319 2130
2319 3350
2320 2752
2320 3742
2321 2198
2321 3228
2322 864
2323 1403
2324 93
2324 2832
2325 1130
2326 1438
2326 2373
2327 1181
2327 3675
2327 3946
2328 322
2328 407
2328 1394
2328 3911
2330 2810
2332 750
2332 2805
2332 3697
2334 223
2334 1061
2334 1560
2335 822
2336 1530
2337 146
2337 564
2338 1397
2338 2794
2338 3880
2339 922
2339 2509
2339 3269
2339 3496
2340 456
2340 1064
2340 3289
2341 3825
2343 3040
2343 3236
2344 81
2344 3139
2344 3715
2345 79
2346 500
2346 2860
2347 115
2347 1209
2348 1895
2348 3833
2350 1281
2352 2599
2353 987
2354 1642
2354 1702
2355 959
2355 2585
2356 2539
2357 1700
2357 2510
2357 2715
2357 3261
2357 3657
2357 3787
2357 3926
2358 64
2358 442
2358 2758
2358 3944
2359 519
2359 3960
2360 363
2360 807
2361 230
2361 433
2361 1328
2361 2428
2362 941
2364 1104
2364 3287
2364 3398
2365 609
2365 2668
2365 2967
2366 1594
2366 2292
2367 714
2367 2465
2368 1929
2368 3011
2369 148
2369 3690
2371 109
2371 2714
2373 847
2373 3487
2374 421
2374 853
2374 1959
2375 1100
2379 280
2379 1311
2379 1737
2379 2964
2380 3080
2381 302
2382 3084
2384 1247
2384 1660
2384 2298
2384 3628
2385 1580
2385 2592
2386 3718
2388 3198
2389 1119
2389 1715
2391 312
2393 2837
2393 2892
2395 2108
2395 3541
2396 2549
2396 3890
2397 131
2397 2590
2398 2932
2398 3208
2400 2844
2400 3007
2401 1001
2401 1318
2401 3015
2403 35
2403 470
2403 1140
2404 2320
2404 3310
2405 2410
2405 3776
2407 525
2408 3699
2409 218
2411 533
2411 2960
2413 165
2413 296
2413 3101
2413 3777
2414 201
2414 471
2414 1334
2414 3311
2415 1314
2416 280
2416 2185
2417 1161
2417 3600
2418 2177
2418 2630
2422 2146
2424 146
2425 4
2426 1475
2426 3948
2427 189
2428 2952
2429 2780
2430 3245
2431 1071
2432 2845
2432 3733
2434 754
2434 2570
2435 2010
2435 3662
2436 1807
2436 2572
2436 3325
2438 1054
2438 3705
2439 3372
2439 3430
2441 671
2442 1631
2442 3803
2443 644
2443 3022
2443 3543
2444 65
2444 1853
2444 3479
2444 3958
2445 1005
2445 3726
2446 91
2446 1150
2447 1109
2447 1949
2447 2551
2449 1322
2449 1799
2449 2146
2449 2769
2450 1199
2450 2076
2451 2994
2451 3074
2452 559
2452 1101
2453 565
2453 2180
2453 2824
2454 1161
2454 2358
2454 3121
2455 80
2455 454
2455 1031
2456 3514
2456 3830
2457 1236
2458 250
2459 1006
2459 1456
2459 1760
2460 936
2460 1682
2460 1915
2460 2057
2460 2116
2461 1045
2461 1135
2461 1317
2462 305
2464 1335
2464 1791
2465 2799
2466 798
2466 1379
2466 1930
2467 2125
2468 1078
2468 2009
2468 2961
2469 1720
2470 2607
2471 1674
2471 2594
2472 60
2472 3202
2472 3237
2473 1304
2473 1362
2473 3648
2474 3482
2475 2577
2476 757
2477 2096
2477 2700
2478 2205
2479 11
2480 480
2480 579
2480 1799
2481 956
2482 120
2482 1387
2484 2368
2484 3536
2486 632
2487 1060
2487 1298
2487 1742
2488 2249
2489 620
2489 2131
2490 3414
2491 1124
2492 723
2492 3562
2494 1207
2494 1256
2494 2655
2494 3346
2494 3882
2495 1173
2495 1272
2495 2162
2495 3649
2499 765
2500 2864
2500 3643
2501 3332
2502 551
2503 174
2503 533
2503 872
2503 1533
2503 1801
2503 2880
2505 23
2505 331
2505 1347
2505 2475
2506 924
2506 1298
2506 1850
2507 1748
2509 96
2510 141
2510 716
2512 992
2512 2693
2513 3859
2514 2862
2516 1476
2517 967
2519 1185
2519 2219
2520 1279
2524 3645
2525 112
2525 165
2525 259
2525 1829
2525 2496
2525 3400
2525 3691
2526 1593
2526 1685
2526 1913
2526 2957
2528 2775
2529 326
2530 874
2531 108
2531 317
2531 470
2531 1328
2531 2723
2532 185
2533 462
2533 1636
2534 2152
2535 1053
2536 637
2536 844
2536 2412
2536 3207
2536 3865
2537 311
2537 367
2537 3140
2538 2024
2538 3287
2539 2882
2540 2040
2541 2482
2541 2622
2542 830
2542 3041
2542 3760
2543 1892
2544 1052
2545 1846
2545 2104
2548 603
2548 701
2549 3187
2550 422
2550 1434
2550 3748
2551 3769
2551 3920
2552 703
2553 438
2553 2496
2554 1615
2554 1779
2554 3464
2554 3912
2555 704
2556 1158
2556 1913
2556 2597
2557 3996
2558 83
2558 298
2558 377
2558 694
2558 1628
2559 1324
2559 1573
2559 2113
2560 1445
2561 483
2561 1090
2561 2876
2562 783
2562 2472
2563 877
2563 2088
2563 2927
2563 3495
2564 459
2564 798
2564 1558
2564 2834
2564 3645
2564 3649
2566 2113
2567 1502
2567 2444
2568 766
2569 665
2569 1254
2569 2010
2570 1418
2570 2334
2570 2803
2571 446
2572 1864
2572 3591
2573 178
2574 308
2574 1165
2574 2319
2575 863
2575 1998
2575 3474
2576 576
2576 2362
2577 235
2577 3595
2578 3155
2579 1282
2580 1193
2582 214
2582 2311
2582 3457
2583 415
2584 629
2585 3386
2586 2077
2586 2419
2587 806
2588 1461
2589 3164
2589 3881
2590 173
2590 2132
2590 2244
2590 3612
2592 1075
2592 1284
2593 1619
2593 1912
2594 110
2594 852
2595 129
2595 246
2595 562
2596 2647
2597 408
2597 559
2597 2931
2599 1161
2599 1539
2599 3302
2600 884
2600 2996
2601 3225
2603 122
2603 375
2603 3846
2604 2791
2605 491
2605 3390
2606 1576
2607 180
2607 2819
2607 3167
2608 1040
2609 3052
2611 1885
2611 1936
2611 2889
2611 3210
2613 452
2613 2954
2614 3097
2615 1680
2615 2691
2615 3774
2616 1552
2616 2041
2616 3646
2617 1746
2618 310
2618 921
2618 1778
2620 877
2621 2577
2621 3214
2621 3324
2622 3408
2626 1447
2626 2531
2627 1571
2627 2044
2628 630
2628 3203
2629 1531
2629 2994
2629 3696
2630 3717
2631 801
2633 698
2635 830
2636 1756
2636 2335
2638 654
2638 2505
2639 63
2640 164
2640 178
2642 3448
2644 509
2645 2163
2645 3447
2646 1983
2646 3065
2647 30
2647 1941
2648 534
2648 2275
2650 1109
2650 1375
2651 1513
2652 811
2652 2136
2653 2459
2654 703
2654 3045
2654 3046
2654 3926
2655 330
2655 1823
2655 2408
2655 3344
2656 1815
2656 3619
2657 2384
2657 2470
2657 2926
2658 3990
2659 1423
2659 1901
2660 849
2662 429
2663 3978
2664 1018
2664 2306
2665 1226
2665 1508
2666 13
2666 1085
2667 101
2667 120
2668 1235
2668 1537
2668 3356
2669 2790
2669 3497
2672 3083
2674 460
2675 2511
2675 3223
2676 1599
2676 3938
2677 2565
2677 3518
2677 3615
2678 1100
2678 3105
2679 2463
2680 1072
2681 431
2681 528
2681 610
2681 2074
2681 3631
2682 1576
2682 1646
2683 2670
2685 2992
2686 1386
2688 1660
2688 3755
2689 912
2690 1018
2691 1438
2691 3525
2692 1304
2692 2514
2692 3519
2693 1065
2693 2362
2694 353
2694 1184
2695 2541
2696 1771
2697 292
2697 2098
2697 2618
2697 2774
2697 2830
2698 2833
2699 102
2699 940
2700 1477
2701 982
2701 2914
2703 2012
2703 3747
2705 3283
2706 1955
2707 2821
2707 3558
2708 877
2708 2195
2709 341
2709 1329
2709 3985
2710 964
2710 1578
2710 3525
2711 1073
2711 2788
2712 1501
2713 2841
2713 3859
2714 3538
2715 2521
2715 3623
2715 3941
2716 182
2716 676
2717 7
2718 2795
2719 2909
2721 1723
2721 1725
2721 3868
2722 1453
2725 1311
2725 2833
2725 3381
2725 3929
2726 1073
2727 1000
2727 3394
2727 3910
2728 2340
2728 3261
2728 3541
2729 1280
2729 1472
2730 698
2730 1742
2731 1451
2731 2081
2733 1415
2734 344
2734 535
2734 1436
2734 1897
2734 2394
2736 3444
2737 1200
2737 1954
2737 2015
2737 3967
2738 923
2738 2000
2738 3214
2740 306
2740 1170
2740 1803
2740 2657
2740 3218
2741 942
2741 1574
2741 2011
2743 2280
2744 2375
2744 2526
2745 546
2747 1090
2747 3866
2747 3938
2748 3173
2750 417
2750 3714
2751 3496
2753 3221
2754 1759
2754 2890
2755 1164
2755 2535
2756 904
2756 2229
2756 2711
2757 1975
2757 3206
2759 1124
2759 2708
2760 951
2761 697
2761 3005
2764 700
2765 3196
2767 1973
2767 2039
2767 2665
2769 1023
2769 1741
2769 2082
2769 2877
2769 3338
2770 803
2770 2943
2771 1422
2772 35
2772 2657
2773 1963
2774 783
2775 878
2775 1768
2775 2527
2777 1485
2777 2954
2777 3254
2778 3683
2778 3773
2779 676
2779 2187
2779 2502
2780 3029
2781 1595
2782 1656
2782 2974
2783 801
2783 2861
2785 1195
2786 1045
2787 3089
2787 3862
2788 856
2788 1365
2790 929
2790 1175
2790 2584
2791 1457
2793 184
2793 1929
2793 3847
2794 50
2794 2722
2794 3471
2795 485
2795 575
2795 761
2795 2035
2796 55
2796 3605
2798 539
2798 3026
2799 232
2799 930
2799 2846
2799 3662
2800 2853
2802 376
2804 3296
2804 3662
2805 995
2806 282
2806 2268
2806 2979
2806 3766
2807 2006
2808 662
2808 2783
2809 21
2809 754
2809 1877
2810 84
2810 3223
2811 1693
2811 2110
2812 264
2812 1302
2812 2859
2813 3030
2814 2776
2815 433
2816 1871
2818 1381
2818 3991
2819 914
2819 1729
2819 2428
2821 160
2821 3185
2822 558
2822 2994
2823 154
2823 906
2824 1789
2824 3229
2826 199
2827 1190
2828 399
2828 1226
2828 3743
2829 763
2830 2891
2830 3167
2831 192
2831 2930
2832 513
2833 2101
2833 3535
2834 149
2835 28
2835 1072
2836 1195
2836 1214
2836 2469
2836 2654
2836 3057
2836 3645
2837 494
2837 1877
2838 771
2838 950
2838 3950
2839 2259
2841 2771
2841 3655
2842 636
2843 1112
2843 3344
2843 3895
2844 2243
2845 2820
2847 408
2848 2205
2848 2753
2848 2795
2849 818
2849 2609
2849 3180
2850 3324
2851 3915
2852 1860
2852 1873
2852 3383
2853 2966
2853 3181
2854 1807
2856 69
2856 985
2856 3661
2857 148
2859 345
2860 466
2860 2181
2861 1250
2861 2347
2863 505
2863 3675
2864 1220
2864 1525
2864 3963
2865 426
2866 988
2867 961
2867 1360
2867 1917
2867 3578
2868 3186
2869 3079
2870 2020
2870 3382
2871 1345
2871 1366
2871 2647
2872 2515
2873 3046
2873 3985
2874 1620
2874 1624
2874 2750
2875 206
2875 2391
2875 3500
2876 1703
2878 418
2878 1949
2878 2133
2878 2758
2879 2659
2880 1080
2880 2464
2881 2704
2881 3691
2882 1674
2882 2236
2882 3575
2882 3951
2883 1300
2883 2729
2884 416
2885 2660
2886 2524
2887 241
2889 1356
2889 2091
2891 1664
2891 3967
2893 350
2894 3000
2895 3583
2896 915
2896 2340
2896 2740
2897 977
2900 776
2900 1155
2900 1186
2900 3530
2901 2155
2902 886
2902 893
2903 3602
2903 3628
2904 1460
2905 2572
2905 3433
2906 1430
2906 3106
2906 3712
2907 869
2907 3828
2908 1914
2909 1160
2909 2007
2909 2592
2910 1395
2910 1804
2910 2953
2911 164
2911 1426
2911 2199
2913 459
2913 1484
2914 948
2914 3717
2915 2094
2916 33
2917 1467
2917 1886
2918 1386
2918 3732
2919 1529
2919 2540
2920 580
2920 842
2920 1198
2920 2517
2921 303
2921 350
2922 1401
2922 2980
2923 3646
2924 168
2924 1088
2925 1756
2925 2916
2925 3953
2927 1629
2927 3874
2928 3367
2930 989
2930 1638
2931 217
2933 1102
2933 3328
2934 775
2934 3318
2934 3886
2934 3987
2935 2046
2936 1998
2936 2036
2937 3057
2938 17
2938 3419
2938 3781
2938 3806
2939 1040
2939 1134
2939 1206
2940 266
2940 3143
2942 360
2942 394
2942 2727
2942 3601
2943 429
2943 1076
2943 2008
2943 2598
2944 2062
2945 2087
2947 2100
2947 2764
2948 719
2949 518
2949 910
2949 1256
2949 3211
2950 859
2950 1489
2951 75
2952 447
2953 1496
2953 2329
2955 70
2955 2544
2955 3547
2956 383
2956 2038
2956 3937
2957 51
2957 294
2958 2705
2959 1493
2959 1786
2959 3664
2961 1997
2962 3391
2964 765
2964 1133
2964 1685
2964 3039
2965 1360
2965 1656
2965 2581
2965 3855
2966 1174
2967 909
2968 440
2968 1842
2968 2154
2969 1346
2969 1652
2969 3479
2969 3732
2970 1508
2970 2488
2971 681
2971 1744
2971 3781
2972 617
2972 2715
2973 93
2973 744
2973 1807
2973 2304
2974 691
2975 543
2976 3148
2978 1287
2978 3332
2979 1149
2980 1663
2980 3518
2983 1902
2983 3164
2983 3696
2984 476
2984 2855
2985 1831
2985 2118
2986 1034
2986 1384
2986 2110
2986 2180
2987 2036
2988 9
2988 706
2988 966
2988 1319
2988 2149
2989 1717
2989 3415
2990 2702
2991 2910
2992 1076
2992 3892
2993 566
2993 3618
2994 2393
2995 3569
2996 918
2996 1395
2996 2155
2997 821
2997 1924
2997 2068
2997 3032
2997 3611
2999 1760
2999 3635
3000 2770
3001 194
3001 3773
3002 532
3002 1029
3004 844
3004 1661
3005 3042
3005 3363
3006 2070
3008 1632
3008 3457
3009 2183
3009 2692
3009 2796
3009 3652
3010 509
3010 1551
3010 1911
3010 3169
3014 2258
3014 3027
3015 158
3016 3869
3017 1183
3017 2079
3017 2169
3018 294
3018 765
3018 1200
3018 1917
3018 2694
3018 3687
3018 3969
3019 1852
3019 3626
3020 3309
3020 3965
3021 332
3021 2121
3021 2142
3021 2471
3022 1287
3023 938
3023 982
3023 1646
3023 3020
3025 155
3025 715
3026 1206
3028 279
3028 284
3028 1673
3030 2022
3030 2649
3030 3693
3031 835
3031 1626
3031 3985
3032 2281
3033 532
3035 268
3035 2937
3036 780
3036 1532
3037 656
3037 3269
3038 1254
3039 518
3039 3084
3040 1292
3041 687
3042 3901
3043 1469
3044 1889
3045 1021
3045 2492
3046 1623
3046 3901
3047 1614
3047 2098
3048 2334
3048 2351
3048 2929
3049 1103
3050 14
3050 659
3050 3033
3050 3781
3053 50
3053 557
3053 1575
3054 169
3055 2091
3055 2997
3057 1795
3057 2849
3058 2804
3059 607
3062 713
3062 879
3062 1535
3064 3784
3065 2421
3066 819
3066 1754
3067 561
3067 3105
3068 1365
3068 2955
3068 3320
3069 440
3069 1247
3071 1732
3071 1961
3072 387
3072 2527
3073 1251
3073 1478
3074 709
3074 1350
3075 886
3075 2512
3075 3883
3076 147
3076 262
3076 569
3076 601
3076 1696
3076 2343
3078 2617
3079 2250
3080 1442
3081 3601
3082 419
3083 160
3083 3936
3084 1016
3084 2340
3084 2826
3085 2733
3086 1014
3087 477
3087 1500
3087 1837
3087 2384
3087 2529
3088 533
3090 538
3090 1864
3092 757
3092 2212
3092 3873
3093 332
3093 1180
3095 329
3096 3378
3099 2933
3100 3276
3101 142
3101 3716
3102 1675
3102 3852
3103 1189
3103 2998
3103 3322
3104 814
3104 2909
3108 950
3109 2821
3109 3455
3109 3689
3112 642
3112 1983
3112 3600
3114 37
3115 1098
3115 1451
3117 777
3118 1566
3118 2673
3118 3505
3120 2334
3121 407
3121 725
3121 992
3121 3629
3122 1032
3122 3441
3123 2694
3123 3582
3125 3303
3125 3885
3125 3891
3126 1758
3126 2419
3126 2533
3126 3319
3127 1848
3128 53
3130 2515
3131 1092
3131 2610
3131 3081
3133 1542
3134 1860
3135 3204
3135 3340
3136 988
3137 465
3138 2347
3139 2437
3139 3266
3141 723
3141 748
3141 3489
3142 731
3144 3860
3145 1241
3146 3899
3146 3986
3148 1776
3148 2221
3148 3891
3149 1501
3150 3927
3151 2359
3151 3798
3152 964
3152 2204
3152 2294
3154 1356
3154 1737
3155 189
3155 1420
3156 3253
3157 650
3159 776
3159 1261
3159 3399
3160 40
3160 2486
3161 3368
3162 2840
3162 3272
3163 2342
3163 3422
3163 3916
3164 2810
3165 744
3165 3255
3166 2058
3167 569
3167 1753
3167 2177
3167 2346
3168 889
3168 2589
3170 253
3170 3127
3171 72
3171 791
3171 2792
3172 1954
3172 2119
3172 2422
3172 2487
3173 2436
3174 3717
3175 1749
3176 2614
3176 2977
3177 664
3177 1666
3177 3296
3179 2147
3179 2496
3180 1702
3182 246
3182 3854
3183 197
3183 2379
3185 311
3185 891
3185 3529
3186 1490
3187 557
3187 1214
3188 3571
3189 541
3189 1536
3190 560
3190 1394
3190 3052
3190 3053
3192 2595
3192 3868
3193 430
3193 1950
3193 3187
3194 655
3195 845
3195 2156
3195 3128
3196 970
3196 1569
3196 1583
3196 3765
3197 1180
3197 1252
3197 3694
3198 2762
3198 3724
3199 2064
3199 2195
3200 3496
3201 819
3203 2152
3203 3469
3205 1188
3206 161
3206 673
3206 1506
3206 1824
3206 2419
3207 3278
3208 2409
3209 240
3209 1141
3209 1279
3210 3360
3210 3857
3211 1487
3212 362
3213 366
3213 1578
3213 3251
3215 1928
3217 1256
3217 2445
3219 422
3219 2775
3220 3049
3220 3576
3221 947
3221 1226
3222 1635
3224 3259
3225 2696
3225 3608
3226 1708
3226 2929
3227 1299
3227 3081
3228 1693
3228 2427
3228 3951
3229 1829
3229 3154
3230 1182
3230 1623
3230 1898
3230 3143
3232 1216
3232 1367
3233 1914
3233 3324
3234 1841
3234 2468
3236 2053
3237 2398
3238 1939
3240 1175
3241 3715
3242 2347
3242 2863
3243 2877
3244 2702
3244 3258
3245 2301
3245 2483
3246 716
3246 1981
3246 2470
3246 2833
3247 478
3248 973
3248 1149
3248 3457
3248 3511
3249 1876
3249 2797
3250 1174
3251 2470
3252 2544
3253 225
3253 299
3253 1464
3253 1746
3254 2180
3255 728
3255 2504
3257 236
3257 2712
3258 3969
3259 131
3260 1697
3262 637
3262 2487
3265 3196
3265 3201
3267 905
3267 1284
3267 2340
3268 920
3268 1171
3268 1744
3268 1762
3268 2148
3269 2575
3271 2684
3273 299
3273 2736
3273 3520
3274 3586
3275 1407
3275 1814
3276 739
3277 612
3277 2903
3279 668
3279 1396
3280 2830
3281 1017
3281 2196
3281 2993
3282 1270
3282 2341
3284 1823
3284 2697
3285 241
3286 865
3286 3317
3287 202
3287 1491
3287 1856
3288 1046
3288 3629
3288 3869
3290 2277
3291 769
3291 802
3291 2328
3292 1422
3293 1384
3295 86
3295 454
3295 1675
3295 3395
3295 3926
3297 2258
3298 1747
3298 2283
3298 3234
3298 3297
3299 305
3299 2097
3300 572
3300 853
3300 1771
3301 716
3302 2635
3303 1025
3303 1042
3303 1390
3303 1837
3303 2437
3304 809
3304 2795
3305 955
3305 2534
3306 9
3306 1203
3307 2945
3308 786
3308 985
3310 1501
3311 78
3311 560
3311 2362
3311 3072
3313 1167
3314 421
3314 1984
3315 1949
3316 1061
3316 2424
3316 2568
3316 3788
3317 1935
3317 2343
3319 1414
3319 1910
3320 1586
3321 1069
3322 2936
3323 1903
3323 2847
3323 3801
3325 1026
3325 1445
3327 1007
3328 3379
3329 3796
3331 3673
3332 2221
3332 2539
3333 17
3333 260
3334 1127
3334 3034
3334 3095
3334 3167
3334 3839
3335 3350
3336 3575
3337 11
3337 2394
3340 1355
3340 1557
3340 3323
3341 1376
3341 2465
3341 3068
3342 209
3343 1156
3343 2903
3343 3867
3344 263
3344 558
3344 1301
3344 3508
3345 855
3345 2322
3345 3961
3346 2172
3347 1654
3347 2322
3347 2649
3347 2994
3348 1613
3350 24
3352 342
3353 3550
3354 8
3355 891
3355 2293
3356 1368
3356 1869
3357 52
3357 103
3357 924
3357 3778
3358 1198
3358 2549
3360 1962
3361 1142
3361 1736
3362 1694
3363 1706
3364 483
3364 1233
3364 2697
3364 2887
3365 2102
3365 2675
3365 3172
3366 1144
3366 2885
3367 3093
3367 3934
3368 816
3369 1233
3369 3662
3373 184
3373 2650
3373 3305
3373 3570
3374 1971
3375 2346
3377 781
3377 1945
3379 577
3379 661
3380 184
3380 507
3380 2472
3380 2920
3380 3164
3381 1037
3383 3616
3384 492
3384 523
3384 1262
3384 2421
3385 688
3385 944
3385 3234
3388 1849
3388 2638
3388 3525
3389 2237
3389 2496
3391 3281
3393 1586
3394 559
3394 2637
3394 3279
3395 3037
3396 2617
3397 938
3397 2017
3397 2364
3397 3537
3398 2587
3398 2785
3398 3509
3398 3754
3400 1985
3400 3534
3401 515
3401 1206
3402 657
3402 2579
3406 1414
3406 2167
3406 2443
3406 2890
3407 3770
3408 1403
3408 1694
3408 3257
3410 1508
3410 2257
3411 2055
3412 297
3414 411
3414 1394
3415 996
3416 202
3416 269
3416 552
3416 955
3416 1742
3418 1932
3419 1303
3419 1665
3419 1993
3422 1852
3423 239
3423 1671
3423 2931
3424 2110
3425 417
3425 1203
3425 1513
3425 3345
3425 3725
3426 118
3427 1641
3427 3878
3428 575
3428 1449
3430 3941
3431 452
3431 1499
3431 3959
3433 1779
3434 261
3434 566
3434 1722
3434 3273
3434 3866
3435 3076
3436 79
3436 143
3436 2971
3437 846
3437 996
3437 3412
3438 2993
3438 3978
3440 1754
3440 1910
3441 1249
3441 2567
3444 3614
3446 1057
3446 2906
3446 3890
3447 138
3447 2460
3447 3935
3448 1836
3448 2772
3449 486
3449 3016
3451 774
3451 1738
3451 3850
3452 331
3452 874
3452 2938
3453 821
3454 2889
3455 1320
3456 911
3457 3298
3458 902
3458 997
3458 2901
3459 1085
3460 1840
3463 171
3465 853
3465 1293
3465 1310
3466 184
3466 1097
3466 1826
3466 2230
3467 640
3468 2491
3468 3224
3469 2190
3469 3710
3470 839
3470 2033
3471 94
3473 461
3473 1096
3473 1908
3473 2285
3473 3583
3474 1577
3475 695
3476 454
3477 2469
3478 2066
3478 2098
3478 3399
3479 475
3479 2655
3480 1669
3481 3601
3482 797
3482 3495
3483 3863
3484 453
3484 658
3484 3046
3485 1670
3485 2218
3486 194
3488 1879
3488 2037
3489 12
3489 2781
3491 792
3492 1647
3492 2951
3493 1112
3493 2209
3494 3955
3495 2828
3495 2922
3495 3470
3495 3912
3496 959
3497 682
3497 746
3497 1295
3497 1827
3498 2627
3498 2963
3498 3994
3500 495
3500 1364
3501 826
3501 3718
3503 2768
3504 2202
3504 3312
3505 941
3505 2184
3506 963
3506 1787
3507 754
3508 2156
3508 2501
3509 3478
3512 1307
3513 2168
3513 2584
3513 2781
3515 3234
3515 3508
3516 173
3516 2442
3518 184
3520 1036
3521 163
3521 1345
3522 1515
3522 2439
3523 1366
3524 1016
3524 3175
3524 3524
3525 2182
3525 3108
3526 2433
3528 1624
3530 378
3531 3610
3532 1399
3532 1914
3533 1413
3533 2427
3533 2484
3533 2572
3533 2878
3534 327
3534 2369
3534 2939
3535 1176
3536 980
3537 1819
3537 2066
3538 698
3538 891
3538 1222
3539 3638
3540 320
3540 1241
3540 1766
3540 2674
3540 2842
3541 772
3542 918
3542 1641
3542 1675
3542 2786
3543 1613
3543 1765
3543 2234
3544 1949
3544 3618
3545 3724
3546 2918
3546 3162
3547 1064
3547 3740
3548 2114
3548 2362
3548 3825
3550 2119
3552 1518
3552 1791
3552 2613
3554 1622
3555 198
3555 3474
3557 372
3557 923
3559 2904
3562 1347
3562 3411
3563 2940
3563 3161
3564 474
3564 2900
3565 344
3565 1258
3566 1604
3566 2564
3567 2471
3569 272
3569 862
3570 911
3571 1116
3571 3372
3571 3592
3573 2735
3574 2912
3576 1773
3576 2831
3577 2053
3577 3046
3578 2848
3579 3665
3582 382
3582 3041
3582 3896
3583 2435
3583 2559
3585 890
3586 2248
3586 3172
3589 1451
3589 3423
3589 3493
3591 2300
3591 2755
3593 2285
3593 3233
3593 3295
3594 990
3594 3913
3595 1035
3595 3551
3597 642
3597 1751
3597 2924
3597 3147
3598 2797
3598 3042
3599 36
3599 75
3599 183
3599 466
3599 1796
3600 1569
3600 1843
3601 2052
3601 2968
3602 812
3604 405
3604 3897
3605 1042
3605 2684
3606 121
3606 1829
3606 1921
3607 2166
3607 2428
3607 3808
3608 2782
3609 44
3610 430
3610 1982
3610 2719
3610 2890
3611 1723
3612 715
3613 2624
3614 3113
3614 3337
3615 2429
3615 2719
3616 3464
3617 635
3617 2878
3618 1250
3618 1820
3618 2567
3618 3308
3619 2438
3620 2615
3621 749
3621 845
3621 1980
3621 2773
3622 2239
3622 3393
3623 468
3623 481
3623 2505
3624 1917
3625 2034
3625 3808
3626 2051
3627 1777
3627 3588
3627 3878
3628 516
3630 1524
3630 2098
3630 3390
3631 2673
3633 3049
3634 1929
3635 2640
3635 2962
3636 824
3636 2606
3636 3274
3636 3864
3637 1170
3637 2267
3637 3445
3638 1055
3639 2081
3639 2232
3640 1002
3640 2701
3641 1386
3641 1439
3641 2607
3641 2668
3641 3759
3642 1543
3643 865
3643 2359
3643 3296
3643 3884
3645 2808
3646 1802
3646 2147
3646 2175
3646 3263
3648 1223
3649 3710
3650 2705
3651 415
3651 1652
3652 293
3652 2337
3653 1311
3653 1739
3654 626
3654 2858
3656 2274
3657 1376
3657 2250
3657 2697
3657 3764
3658 3339
3659 827
3660 449
3660 2553
3660 3266
3661 1748
3661 1968
3661 2691
3662 988
3662 2026
3663 3277
3664 879
3664 3153
3664 3840
3666 2663
3668 780
3668 3862
3669 1342
3670 2435
3671 636
3671 1083
3672 3278
3672 3557
3673 1471
3674 2070
3675 2157
3676 484
3676 759
3676 3742
3677 1466
3678 1134
3679 2069
3679 2278
3679 3942
3682 628
3682 781
3683 46
3683 442
3685 288
3685 2420
3685 3065
3686 588
3686 1856
3689 403
3689 1542
3689 1947
3691 2325
3693 1877
3693 2492
3694 1587
3694 3910
3695 375
3695 1280
3695 1499
3695 3718
3696 285
3696 3530
3698 185
3698 2686
3699 1490
3699 1876
3699 2589
3699 2893
3700 64
3701 1641
3701 3941
3703 1539
3704 3035
3704 3859
3705 494
3705 2293
3707 1656
3707 2506
3710 137
3710 1621
3710 2351
3710 3296
3711 3829
3712 1409
3712 1806
3714 1356
3714 1469
3714 1891
3716 1390
3716 1480
3716 3127
3716 3917
3717 480
3717 3957
3718 383
3718 1706
3718 3540
3719 1906
3719 2237
3719 3750
3720 3738
3721 2371
3722 96
3722 1784
3723 41
3723 1711
3723 1769
3723 2595
3723 3971
3724 88
3725 2713
3725 3014
3727 3593
3728 1985
3728 2903
3728 3760
3729 862
3729 2061
3730 3553
3731 439
3732 2491
3732 2602
3734 1784
3734 2874
3735 516
3735 939
3735 2977
3736 2374
3737 591
3737 1784
3737 2353
3737 2595
3738 2429
3738 3908
3740 1921
3740 2245
3740 2670
3741 1640
3741 2087
3742 3516
3744 1722
3745 955
3747 1144
3748 1659
3749 694
3749 908
3749 980
3751 400
3751 1417
3752 305
3752 1944
3752 2949
3753 2530
3754 490
3754 1460
3755 2127
3755 3909
3756 107
3756 1367
3756 3735
3757 3687
3758 3534
3758 3983
3760 1448
3760 2338
3761 3154
3761 3812
3762 1798
3763 942
3763 955
3763 3409
3764 3749
3765 1939
3765 3271
3765 3764
3765 3985
3767 2717
3768 2330
3768 3564
3769 670
3769 2071
3769 3603
3770 1077
3772 106
3772 940
3772 1851
3772 2962
3774 2808
3776 2993
3777 1111
3777 2569
3777 3788
3778 664
3778 1925
3778 3444
3778 3529
3778 3575
3779 2800
3780 1141
3780 2294
3782 281
3782 3520
3783 607
3783 886
3784 1463
3784 1926
3785 1473
3785 2622
3785 2985
3786 753
3786 3610
3788 2183
3789 932
3789 3594
3790 309
3790 788
3791 92
3792 927
3792 3717
3792 3817
3793 906
3793 1194
3793 1477
3794 439
3794 1313
3795 3119
3795 3540
3796 99
3796 1951
3796 2841
3797 2513
3798 545
3799 533
3801 38
3801 1715
3802 2359
3803 619
3804 1158
3804 1265
3805 2470
3806 48
3806 991
3807 3650
3808 3655
3809 1041
3809 1510
3809 2705
3809 2772
3810 2316
3811 3474
3811 3577
3811 3733
3812 3520
3813 441
3813 3561
3814 1257
3815 1130
3815 1506
3816 615
3818 2561
3818 3096
3819 2886
3820 193
3820 614
3820 2118
3821 361
3821 2600
3822 2306
3822 3183
3823 1826
3823 3602
3824 576
3824 2419
3824 3134
3825 904
3827 203
3827 1370
3827 2185
3827 2497
3827 3283
3828 883
3829 147
3829 340
3829 1793
3829 1866
3829 2881
3829 3803
3830 214
3830 2505
3832 178
3832 477
3832 875
3832 3181
3835 730
3835 1676
3836 1355
3836 1967
3836 3740
3838 801
3838 3778
3841 708
3841 778
3842 7
3842 533
3843 2802
3843 2999
3843 3634
3844 2115
3845 305
3845 1789
3845 2526
3845 2984
3845 3598
3847 1256
3847 1436
3847 2397
3848 2899
3848 3267
3848 3558
3849 2939
3849 3812
3850 2447
3850 3140
3851 1138
3851 2654
3852 2612
3852 3239
3853 3076
3853 3373
3853 3655
3854 1233
3854 1916
3854 2060
3854 2353
3854 3751
3855 2892
3856 958
3856 3689
3858 1274
3858 3783
3859 1959
3860 2890
3860 3318
3861 3180
3862 1112
3862 2034
3862 3485
3863 817
3863 2901
3865 545
3865 579
3866 303
3869 3663
3872 1123
3872 2460
3873 3554
3873 3636
3874 814
3874 2721
3874 3788
3875 1915
3875 2036
3876 1049
3876 3197
3877 748
3878 326
3878 2001
3878 2073
3878 3660
3884 54
3884 1402
3885 3248
3886 2951
3886 3938
3887 1787
3888 82
3888 2840
3889 2185
3890 57
3890 1464
3890 2356
3890 2966
3891 2585
3892 721
3892 3769
3893 2128
3893 2416
3893 3535
3894 910
3894 1091
3895 1661
3895 2407
3896 2710
3897 917
3897 1693
3898 2569
3899 1341
3900 96
3902 3934
3903 860
3905 1069
3906 3748
3907 2432
3907 2593
3908 1813
3908 2213
3909 3432
3910 489
3910 759
3911 1857
3911 3405
3911 3760
3912 907
3912 1476
3912 1905
3913 281
3913 2410
3913 2709
3913 3906
3914 347
3915 3687
3916 1347
3916 2450
3916 3911
3919 1129
3919 1664
3921 362
3921 1612
3922 164
3922 474
3922 1428
3922 2307
3922 2535
3923 3638
3925 1600
3925 3111
3926 3312
3926 3832
3928 107
3928 3148
3928 3272
3928 3383
3929 1577
3929 3792
3930 1803
3931 3631
3932 2055
3933 455
3933 3902
3935 1884
3935 3245
3936 1548
3936 2327
3936 2918
3938 2238
3938 2488
3938 3367
3938 3686
3938 3796
3939 3218
3939 3692
3940 1006
3940 2238
3941 234
3941 825
3941 2110
3941 2944
3941 3457
3942 127
3942 467
3942 767
3942 1303
3942 1690
3943 1288
3944 1265
3945 1449
3946 1732
3947 1004
3948 2247
3949 285
3951 403
3951 3438
3952 60
3952 71
3952 1851
3952 3083
3952 3358
3952 3939
3954 1210
3954 1277
3955 369
3955 2327
3955 3409
3956 2004
3956 2194
3956 2466
3958 3287
3959 2128
3960 914
3960 1930
3960 3516
3962 466
3962 1492
3964 2529
3964 2812
3964 2834
3964 3248
3964 3855
3966 3764
3966 3937
3967 2141
3967 3556
3968 400
3968 831
3970 572
3970 2183
3971 1843
3971 2154
3973 950
3974 1284
3974 1803
3974 2828
3975 1928
3975 2580
3976 2015
3977 1102
3978 1722
3979 774
3981 1363
3981 3642
3982 145
3982 419
3982 963
3982 3124
3983 645
3983 1921
3983 3838
3984 1157
3985 3738
3986 383
3988 938
3988 1595
3990 2920
3992 288
3992 3469
3993 2103
3993 2326
3994 1500
3994 1731
3995 1708
3996 928
3997 60
3997 1658
3998 735
3998 781
3998 1161
3998 3508
3999 260
3999 1529
3999 3258
3999 3918
4000 87
4000 376
4000 1531
4000 3650
4001 3485
