1001
400
7 57
12 460
16 540
16 941
17 651
18 513
21 8
21 79
27 922
28 121
29 202
34 857
36 960
40 559
43 209
49 223
50 538
50 640
52 706
57 101
59 257
67 82
78 242
80 926
81 637
84 210
87 372
90 434
90 439
90 648
91 404
91 499
94 894
96 883
98 771
100 715
106 693
107 743
109 490
111 353
115 92
118 624
124 4
126 350
143 40
144 682
150 607
157 712
159 178
161 896
162 524
162 767
164 764
164 853
169 526
169 918
174 99
179 27
179 544
186 805
186 995
189 522
190 201
194 184
194 297
197 233
199 131
202 734
206 680
207 47
211 423
213 511
217 336
220 952
223 390
225 946
226 742
230 382
231 620
234 244
237 625
237 715
238 89
241 121
252 192
260 545
262 271
262 509
265 503
266 625
268 52
270 913
271 35
271 498
272 887
276 83
276 408
277 394
277 469
280 128
281 530
287 765
287 846
289 735
289 850
290 241
292 496
296 539
302 815
305 43
305 941
309 514
309 767
319 260
319 456
319 652
323 713
324 467
332 956
338 335
344 70
345 954
346 457
346 976
348 241
348 585
352 619
352 953
357 338
360 85
366 991
367 33
367 614
367 769
368 94
368 571
372 442
380 95
380 539
383 604
387 606
388 322
388 325
390 530
393 156
401 891
406 988
407 465
409 276
411 395
412 603
413 46
413 528
413 666
417 1000
422 662
423 667
424 658
426 490
429 760
431 565
431 627
432 395
432 512
437 433
441 744
444 325
449 41
449 359
451 778
451 848
454 727
456 101
457 350
459 686
461 390
463 721
466 20
467 62
469 34
469 109
478 590
483 969
487 951
488 155
490 137
491 598
492 293
493 216
493 440
495 340
495 425
498 999
500 9
502 477
513 297
515 419
515 784
517 827
517 892
518 7
518 679
521 53
522 276
523 835
524 719
529 343
532 138
535 446
538 977
542 452
544 518
551 446
551 613
555 380
560 340
561 239
572 335
579 121
585 262
587 198
590 269
590 569
592 437
596 319
602 594
603 98
603 175
603 870
604 386
606 150
607 820
608 801
609 7
613 126
613 311
613 403
618 110
618 443
619 314
625 447
629 146
629 646
633 672
636 724
638 817
640 361
641 202
641 529
642 480
644 72
644 117
644 430
646 370
647 671
651 918
652 551
654 350
661 423
664 873
668 190
668 819
676 703
683 383
684 92
685 449
689 850
695 381
696 970
696 990
698 983
700 215
705 274
705 427
707 385
707 492
707 797
708 195
711 831
711 972
715 299
715 416
716 204
720 296
721 635
724 717
727 178
727 313
727 314
728 770
734 288
734 357
742 455
746 37
746 725
750 538
754 846
757 11
759 459
759 873
763 252
768 649
776 842
777 84
778 804
788 764
789 95
789 702
790 197
790 960
792 825
793 445
794 741
795 412
797 678
799 166
804 233
806 134
807 135
808 646
813 794
814 36
815 274
815 381
815 551
816 741
823 256
824 321
826 866
827 69
827 137
829 142
829 488
830 113
832 722
841 566
847 91
847 155
847 359
850 796
853 499
858 369
864 162
864 974
867 464
868 398
874 897
881 251
882 657
885 397
887 803
891 8
893 157
893 586
894 196
899 619
905 829
906 21
907 782
917 667
918 837
921 256
921 868
922 449
922 809
922 998
926 344
928 551
931 258
933 507
934 207
936 858
937 838
938 629
940 594
941 19
943 887
944 733
948 757
949 362
950 21
962 409
963 442
967 855
969 758
972 72
973 544
973 732
976 482
978 644
981 766
990 664
991 494
993 106
994 757
997 381
998 728
998 844
998 939
1000 14
