3001
3601
1 2714
1 2796
4 2103
5 2666
6 404
7 1137
8 228
8 724
8 1173
9 1054
9 2914
10 902
12 1554
13 523
13 2017
14 149
14 1925
15 1597
15 1755
16 948
16 2751
17 1913
17 2917
18 2244
20 158
20 2007
24 2343
26 900
26 1935
27 158
29 121
29 507
29 563
29 1130
29 1135
29 2800
31 2952
32 586
32 2423
33 268
33 340
34 2201
34 2941
35 626
35 1929
36 2954
39 1698
40 154
41 1728
42 1349
43 1475
43 2453
44 2331
45 220
45 1666
46 694
46 1687
48 2335
49 667
49 2923
50 752
50 2813
51 750
52 130
52 2590
53 2297
53 2956
54 1282
54 2942
55 1886
55 2902
56 867
56 2335
57 992
57 1506
57 2592
59 19
59 888
59 1036
60 785
61 2560
62 1490
62 1587
64 172
64 2665
65 567
66 879
66 1184
67 410
67 972
68 162
68 970
69 1903
69 2594
70 2182
72 2107
74 1254
74 1626
80 2278
80 2557
81 731
81 2372
88 1247
88 2711
89 2252
90 303
90 823
90 2392
91 1691
91 2821
92 87
92 1977
93 2681
94 1426
94 2478
95 162
96 286
96 813
96 2455
97 2160
98 1908
99 421
100 2168
101 1505
101 2337
101 2903
102 1679
103 340
104 429
104 1304
104 1913
105 500
107 106
107 969
108 98
111 1188
112 834
113 41
113 307
113 951
116 442
116 730
116 1195
117 2674
118 1527
118 1722
119 1459
119 1472
119 2179
120 1629
120 1832
120 2902
121 214
122 438
122 2965
124 1764
124 2041
125 397
126 1565
126 2374
126 2486
129 2610
133 13
133 622
134 1828
134 2412
134 2891
135 456
136 902
136 1477
137 1867
138 1072
139 1664
140 1581
142 113
142 2711
142 2866
143 1299
144 457
144 2012
145 1787
145 2325
146 2893
148 2003
149 1899
152 698
153 317
154 2760
155 941
157 808
159 932
159 942
162 410
166 1803
166 1885
167 1789
168 1478
169 2542
169 2872
170 638
170 1844
171 650
172 319
172 1694
173 1463
173 2899
174 131
174 1799
175 2095
178 1776
179 177
179 1297
180 1953
181 224
181 679
181 1990
182 940
183 732
183 922
184 160
184 855
184 1061
184 1216
184 1585
185 2054
185 2896
187 1331
188 213
188 383
188 818
188 2227
189 2411
190 2336
190 2455
191 345
192 386
192 2609
193 224
193 2956
194 2181
195 240
195 318
195 1928
199 847
199 1298
199 2490
203 47
203 106
203 1198
203 2301
204 1917
205 693
206 802
206 1422
206 1551
207 677
207 2484
208 850
209 269
210 709
211 418
213 57
214 1716
214 1903
214 2500
216 1157
218 1422
218 2230
219 400
219 720
219 1626
221 1975
222 64
222 1607
222 1975
222 2005
225 914
226 2702
228 1313
229 2966
230 2439
231 1165
231 2165
233 44
233 1499
234 1115
234 2422
235 553
237 1687
238 1193
240 643
240 1545
240 2271
240 2310
240 2625
240 2971
241 1602
241 2263
242 1092
242 1663
243 1123
243 1146
243 2212
245 2269
248 737
249 531
249 2851
251 581
252 2269
253 1103
253 1132
255 2502
256 1604
258 1624
258 1703
259 779
260 269
261 1326
263 987
264 2837
264 2976
265 290
265 733
266 2122
267 433
268 114
269 1666
269 2474
270 2694
270 2824
271 76
271 2519
274 383
277 2456
278 434
281 1312
283 33
283 1380
283 2741
284 7
284 1335
284 1656
286 274
287 2052
288 149
288 1219
288 2867
289 328
289 1261
289 2790
290 1105
290 1204
293 467
293 599
293 1926
294 1082
295 1557
295 2029
295 2938
297 444
297 1683
297 2195
299 1563
299 2804
301 220
303 1146
303 1916
303 2308
304 568
304 1330
304 1425
305 362
305 2170
305 2882
306 354
306 1217
308 1527
308 2822
309 1388
310 1494
310 2902
312 902
313 1008
315 1765
316 539
316 1341
319 186
320 778
320 2272
320 2688
321 1009
321 1637
322 276
324 1895
325 2053
326 1360
326 2472
326 2846
326 2955
329 1709
329 2731
332 250
333 2359
334 1645
335 684
337 10
338 77
338 1367
339 2752
341 2357
345 1319
346 1409
346 2160
347 490
347 2961
348 2925
350 1605
351 583
351 846
352 682
352 1127
352 1382
353 2215
353 2670
354 2454
356 1807
356 1841
356 2867
357 1525
359 2956
362 2802
363 365
363 632
363 1825
363 2270
364 1972
364 2865
366 1345
366 1372
367 2747
368 308
368 644
368 1072
369 297
369 2445
369 2858
370 638
370 2321
370 2585
373 1483
373 1939
373 2483
374 562
374 795
374 1231
376 498
376 1019
376 1973
377 2351
378 860
378 1676
378 2685
382 2618
383 1508
383 1843
384 696
386 312
388 640
388 1542
389 1307
389 2271
390 461
390 1968
391 235
391 1200
391 1406
392 1556
392 2902
393 1239
394 752
394 1526
394 2897
395 2384
396 284
399 1996
400 522
401 2974
403 1167
404 179
404 2849
406 1076
407 163
407 2048
408 320
409 249
409 553
410 235
410 1452
411 939
413 867
414 727
414 2513
418 715
419 803
420 453
420 631
420 1088
420 2573
420 2961
422 2789
422 2829
424 2328
424 2649
426 1946
428 2349
428 2625
428 2669
430 2778
431 1884
431 2038
433 148
433 2370
434 1723
435 200
435 2929
436 263
436 1913
438 2357
439 241
439 500
439 1380
440 443
440 2127
440 2565
440 2704
441 1997
442 1674
442 1972
445 154
446 274
446 1482
446 1644
448 426
448 2284
449 1824
449 2876
451 169
451 261
451 713
453 1539
453 1566
453 1862
454 155
455 141
455 844
456 1900
457 304
458 2799
459 1628
460 487
461 1193
462 824
462 1455
462 2478
463 789
464 1324
465 655
465 2860
467 1873
467 2839
468 985
468 1525
469 716
470 796
471 2389
472 107
474 2310
474 2920
475 1252
475 1664
476 1866
476 2417
476 2509
479 11
479 605
479 2249
480 2080
482 1868
482 2535
484 548
484 838
484 1118
485 426
485 2795
486 2750
487 2648
488 617
488 1066
488 2246
488 2277
489 1251
489 1830
489 2041
490 1110
490 1335
492 526
492 2199
493 486
493 1603
495 717
496 2336
497 2117
497 2401
499 2613
500 921
500 1437
501 2212
501 2896
502 1143
503 1344
503 2202
504 388
504 2887
505 1780
506 1171
506 1875
506 2184
507 1290
507 1292
510 188
511 1919
512 1115
512 2861
513 1997
515 821
515 2433
515 2984
523 1805
524 1956
524 2679
524 2975
525 2341
526 1267
526 1465
526 2620
527 26
529 1474
530 1286
530 1568
531 712
531 749
531 829
531 1707
531 2320
532 2180
534 1386
534 2745
535 626
535 2999
536 2326
537 1407
538 1121
538 1795
538 1846
539 1112
540 767
543 429
543 2667
544 1796
545 1572
546 1439
546 2264
546 2527
548 2703
551 138
551 1888
551 2111
552 1719
554 36
556 1009
558 1325
558 2810
559 199
559 1462
560 1075
560 2650
561 2702
562 2486
563 109
563 1676
563 1928
565 164
567 2484
568 876
568 1650
569 852
570 1808
572 162
573 256
573 424
574 637
574 1299
575 302
575 1968
575 2635
577 240
578 8
578 81
578 2927
580 2641
581 1479
583 664
584 2576
585 2052
586 39
587 1575
587 1753
591 2868
592 706
592 2986
595 1113
596 2939
597 1194
597 2064
598 1869
598 2010
598 2180
600 2268
601 360
601 2826
602 1004
602 1517
602 2282
603 749
603 1144
603 2069
603 2480
603 2766
603 2775
604 1704
604 2324
605 2097
605 2964
607 1865
608 1308
608 1401
608 2400
608 2882
609 215
609 782
609 1526
610 40
611 1043
611 1332
612 225
613 258
613 1103
614 1535
615 1215
615 1393
615 1795
616 1277
616 2428
617 2876
617 2894
618 1937
618 2117
619 221
620 1257
620 2529
622 135
622 813
622 2330
623 213
623 1755
623 2838
624 1596
625 626
626 477
627 2306
628 1028
630 1487
630 2672
631 472
631 995
632 83
635 1343
635 1731
636 1243
636 2714
637 1707
638 1116
638 1683
640 2182
641 527
642 679
642 2289
642 2322
643 1423
644 2257
645 570
645 974
645 1410
646 803
647 1384
648 209
648 1702
648 2510
650 1974
650 2641
650 2956
651 1435
652 656
652 2673
652 2873
655 973
658 610
659 354
659 741
659 1813
660 1062
660 1522
660 2423
661 778
661 1159
661 2599
662 230
662 718
663 2372
664 393
665 10
665 1483
665 1753
665 2615
665 2630
666 1008
666 2207
667 364
668 2397
668 2582
669 122
670 1783
672 1223
673 77
674 434
674 1719
675 259
675 1878
677 2862
679 888
683 150
685 331
686 1380
690 809
690 1863
692 1922
693 130
693 908
693 2167
694 1052
695 422
695 894
695 1268
697 1351
698 1089
699 572
699 2138
700 419
700 2084
700 2710
701 1163
701 2558
703 289
703 1422
705 818
705 984
708 959
708 1407
712 515
712 1394
712 1474
712 1674
713 53
713 190
713 641
714 1268
716 1511
717 1059
717 1368
717 2865
719 1022
719 2874
721 315
721 399
723 554
723 1264
727 1501
729 613
729 835
729 915
729 2311
729 2733
729 2978
730 2349
731 562
731 2782
732 421
732 2104
735 1305
736 197
737 43
737 952
737 1240
737 1997
738 952
741 2832
748 90
750 661
751 444
752 1356
752 1886
752 1943
753 1310
755 2977
756 615
756 2575
758 1749
759 21
759 1153
760 623
760 1352
760 2079
761 2471
761 2757
762 1946
763 2468
764 1720
764 2985
766 340
766 1117
767 1171
769 2996
770 47
771 1068
772 927
772 2664
773 142
774 25
775 61
776 121
777 2291
777 2973
778 1596
780 2698
782 670
782 1825
782 2934
783 147
783 508
783 1590
784 235
785 1422
785 1960
788 1540
788 1869
788 1957
791 491
791 2832
793 1021
793 1208
793 1941
796 2764
798 923
800 637
802 942
802 1051
804 1032
805 1401
806 1514
806 2056
807 250
807 1142
809 1142
810 406
810 1225
811 97
811 564
812 935
813 1631
814 2503
815 1604
817 772
817 1154
818 1915
820 2938
821 2146
821 2262
821 2588
822 868
822 982
822 1339
823 42
825 1542
825 2397
826 1508
826 2784
827 2550
827 2898
828 1748
830 2219
832 1975
833 172
833 599
834 1112
835 154
835 2796
836 1984
836 2614
838 1390
838 1463
838 2520
841 2695
844 2522
845 1958
846 104
846 108
847 1056
847 2612
847 2692
848 2908
849 1885
850 977
850 1042
853 318
853 1114
854 593
854 2648
855 118
855 939
855 1520
856 589
857 558
857 2223
858 1610
858 2151
859 2954
861 847
861 1341
861 2498
861 2971
862 1156
863 381
863 709
863 1069
864 2437
865 606
865 1858
867 909
869 354
869 2849
871 291
871 2738
872 782
873 203
873 1088
874 300
875 617
875 814
878 290
878 418
878 2326
879 2303
879 2446
880 1080
880 1998
881 2731
882 1405
882 2010
882 2157
882 2769
884 1215
887 1041
888 2478
888 2680
890 45
892 1669
895 2320
898 886
898 2961
900 1394
901 2313
902 2210
902 2600
903 1580
904 721
906 779
906 2093
907 128
908 1442
909 1652
911 2617
915 2742
916 851
916 2485
917 873
917 2553
919 621
922 2701
924 492
925 1411
925 1807
926 1847
927 1709
927 2242
928 392
928 448
931 505
933 837
935 2109
936 1415
936 2975
938 1495
939 1018
940 639
941 1692
942 2383
944 1311
944 2411
946 480
947 458
947 1652
948 1070
949 961
950 1341
951 2616
951 2698
953 867
953 1495
953 1665
954 689
955 636
956 2818
956 2843
957 655
957 2377
958 925
959 226
959 232
959 1246
959 1615
959 1750
960 658
960 2041
961 723
964 534
965 921
966 1212
967 931
967 1153
967 2778
968 1065
968 2579
969 1273
969 2206
970 2654
971 727
973 844
974 1397
975 101
975 2062
975 2435
976 348
976 2176
976 2598
977 653
977 746
977 797
977 2279
977 2649
978 1632
978 2444
978 2883
979 2619
983 1158
983 1833
983 2796
984 635
984 2478
985 576
985 2067
987 2102
987 2269
990 2433
992 1064
992 1474
993 1505
993 2264
994 2128
995 944
995 1972
996 774
997 492
998 254
998 466
998 2066
999 1192
999 1825
1002 1431
1002 1440
1004 27
1006 2070
1007 433
1009 713
1009 2411
1010 167
1012 36
1012 937
1012 2909
1014 1997
1014 2495
1015 2204
1017 1663
1018 67
1019 1402
1020 600
1021 1923
1022 270
1022 2143
1022 2538
1023 129
1023 1306
1024 378
1024 471
1025 189
1025 1238
1025 1311
1026 930
1027 1666
1027 2414
1029 318
1029 2058
1030 1872
1031 1084
1034 2170
1034 2483
1034 2902
1035 864
1036 2528
1036 2990
1037 1106
1037 1302
1037 2585
1040 2218
1043 2328
1044 68
1045 293
1045 2431
1045 2654
1046 369
1046 1129
1046 1383
1046 2275
1046 2630
1047 40
1047 116
1047 1241
1048 802
1048 1238
1049 2202
1050 2935
1051 1954
1051 2541
1052 475
1054 1142
1054 1858
1056 762
1056 1418
1057 1787
1057 2588
1057 2892
1057 2901
1058 1855
1058 2447
1058 2503
1059 2012
1060 274
1061 428
1062 1954
1063 198
1063 750
1064 13
1064 1830
1066 744
1068 884
1068 1849
1068 2849
1069 319
1069 1164
1069 1640
1071 1478
1071 1836
1073 767
1074 601
1074 1606
1074 2707
1076 836
1076 1221
1078 2784
1079 1034
1079 2155
1079 2656
1079 2676
1081 834
1081 2753
1082 63
1083 1308
1083 1420
1085 391
1086 196
1088 862
1090 4
1091 452
1092 2198
1093 717
1093 2447
1095 641
1095 1624
1095 2116
1095 2550
1096 439
1096 2359
1097 1199
1097 1657
1098 2461
1099 992
1099 1607
1100 1016
1100 2217
1102 2440
1104 2084
1104 2152
1105 471
1106 1188
1109 1727
1109 2625
1112 2523
1113 1414
1114 588
1114 2360
1114 2823
1115 1236
1115 1533
1115 1725
1118 957
1118 1799
1118 2715
1119 900
1119 1223
1119 2799
1120 508
1120 1341
1121 1620
1121 2603
1122 390
1122 1765
1122 2512
1123 26
1123 1388
1124 855
1124 1920
1125 2933
1126 1374
1126 2875
1131 397
1131 1108
1132 2161
1132 2655
1133 1173
1134 185
1134 1251
1134 2562
1134 2741
1136 2248
1137 1891
1138 23
1139 2645
1141 990
1141 1236
1141 2872
1142 1571
1143 773
1145 377
1146 2092
1147 2460
1150 896
1150 1335
1150 1852
1151 2713
1152 922
1152 2100
1152 2407
1154 1111
1154 1899
1155 27
1155 1328
1156 2138
1157 128
1160 1136
1161 2927
1166 2972
1168 1126
1169 640
1169 1412
1169 1934
1170 769
1171 2741
1174 2503
1175 49
1175 657
1175 2020
1175 2923
1175 3001
1176 2402
1177 1168
1177 2345
1178 1002
1179 2534
1182 131
1182 2225
1183 1827
1184 222
1185 1069
1185 2209
1185 2468
1185 2737
1186 2876
1187 260
1187 1440
1187 1491
1188 1895
1188 2102
1188 2244
1189 1804
1189 2668
1190 239
1192 1087
1192 1522
1192 2252
1193 1580
1195 2277
1196 1748
1198 2117
1199 864
1199 2018
1200 822
1201 866
1201 2079
1201 2099
1203 2953
1204 821
1205 939
1207 689
1207 1709
1207 2261
1209 1294
1209 2174
1212 1929
1212 2351
1213 1153
1213 1278
1218 2008
1219 1145
1220 173
1222 672
1223 1802
1225 2309
1226 551
1227 1325
1228 1497
1229 1683
1229 2055
1230 1876
1231 1419
1231 2630
1233 2801
1234 18
1234 430
1234 1279
1236 216
1237 871
1237 2734
1238 148
1238 1744
1239 607
1239 2267
1240 18
1240 2928
1241 1279
1242 2115
1243 560
1244 567
1245 833
1248 328
1251 2480
1252 1830
1253 377
1253 795
1253 2250
1254 2387
1255 2476
1256 1592
1260 2616
1260 2936
1261 703
1261 877
1262 923
1262 2325
1263 2393
1265 1365
1268 763
1269 1807
1270 702
1270 871
1271 66
1271 902
1272 2192
1273 492
1273 2249
1273 2982
1274 68
1275 1240
1276 1581
1276 2607
1276 2726
1277 63
1277 402
1277 851
1278 967
1279 2286
1280 488
1280 741
1280 2276
1281 1298
1281 2367
1282 985
1283 2469
1284 1137
1285 272
1288 220
1288 3001
1289 2405
1290 2092
1290 2717
1291 1526
1293 1771
1294 37
1294 2052
1296 490
1299 812
1299 2070
1302 1474
1302 1758
1303 1079
1303 1817
1305 632
1305 1902
1307 1735
1307 2655
1309 2048
1309 2976
1310 2025
1311 2901
1312 76
1313 30
1313 1962
1314 471
1316 1141
1317 412
1318 2388
1321 29
1321 587
1322 2625
1323 1026
1323 1280
1324 145
1324 2201
1325 1633
1325 2362
1326 2552
1327 267
1327 383
1327 1443
1328 573
1330 1857
1330 1960
1331 615
1332 463
1332 639
1332 2676
1333 513
1334 230
1334 275
1335 1854
1336 1332
1336 2371
1336 2747
1337 2698
1337 2818
1338 943
1338 2430
1340 720
1340 1455
1342 1170
1342 1190
1344 410
1344 1097
1344 1992
1346 1395
1346 2474
1347 2101
1348 1817
1350 575
1350 2289
1350 2792
1351 82
1352 20
1352 1390
1353 1891
1354 759
1356 2425
1357 1984
1358 909
1358 1481
1359 446
1359 558
1360 2194
1361 1781
1363 912
1363 2307
1364 1810
1364 2321
1365 2274
1366 1211
1366 1905
1367 286
1367 1932
1370 2561
1371 85
1371 736
1372 538
1373 2073
1374 763
1377 1465
1378 2720
1379 340
1379 1758
1382 2652
1383 728
1383 2013
1384 622
1384 1423
1386 2588
1388 1432
1388 1650
1388 2651
1390 2527
1391 68
1391 1049
1392 302
1393 1365
1393 1465
1394 1508
1396 129
1396 1156
1398 1870
1399 745
1400 1722
1400 2907
1401 2905
1402 1757
1403 1446
1403 2033
1404 40
1404 2130
1405 170
1405 674
1405 1696
1405 2488
1405 2933
1406 431
1406 895
1406 1340
1406 2902
1408 998
1408 1112
1409 346
1410 1585
1411 549
1411 2015
1412 2279
1413 1930
1413 2520
1414 1915
1415 26
1415 464
1417 380
1417 1886
1417 1986
1418 704
1418 793
1421 1842
1424 2885
1425 1689
1426 474
1426 2709
1427 178
1431 1442
1433 528
1433 2619
1433 2986
1435 2955
1437 1861
1439 199
1439 1220
1441 2294
1443 621
1443 1645
1445 76
1445 893
1445 2531
1446 967
1449 811
1449 2013
1449 2057
1450 53
1452 2120
1453 38
1453 888
1454 842
1454 853
1454 1218
1454 1787
1455 1185
1456 127
1458 2938
1462 256
1462 1740
1462 2416
1462 2720
1464 1460
1464 2848
1465 2334
1465 2571
1466 365
1466 425
1466 601
1466 993
1469 941
1469 2748
1471 62
1471 314
1471 1157
1472 921
1473 375
1473 2465
1474 2995
1476 714
1477 969
1477 2239
1478 44
1479 795
1479 990
1480 297
1480 977
1481 1244
1482 1748
1484 881
1487 307
1487 388
1487 631
1488 2071
1489 230
1489 886
1489 2534
1491 627
1492 229
1492 2223
1494 169
1495 2166
1496 816
1497 562
1497 1476
1497 2874
1498 2453
1499 2364
1499 2502
1500 2359
1500 2894
1501 1400
1501 1905
1501 2206
1502 402
1505 1546
1505 2870
1506 1096
1506 1496
1506 2053
1506 2716
1507 44
1507 328
1507 1188
1508 1198
1509 1885
1514 978
1514 1319
1514 1922
1516 1347
1517 1364
1517 1621
1518 812
1519 115
1519 1606
1519 2558
1520 675
1520 1996
1520 2193
1521 1918
1523 338
1523 1470
1523 1855
1526 2168
1527 2970
1528 2086
1529 128
1529 629
1530 2164
1530 2736
1531 2886
1532 2143
1533 1173
1534 620
1534 998
1534 1245
1534 1450
1536 1052
1537 258
1537 1108
1537 1650
1539 1687
1539 2057
1542 278
1542 2260
1542 2330
1546 136
1546 1478
1547 1688
1548 1843
1548 1975
1549 589
1549 2068
1551 2611
1553 1954
1554 1616
1558 139
1561 1478
1563 1661
1565 1728
1568 1133
1571 69
1571 1816
1572 156
1572 537
1574 520
1575 1431
1576 526
1577 380
1579 254
1579 2888
1580 2217
1581 1767
1582 55
1582 2854
1583 299
1583 1390
1583 2772
1584 180
1585 730
1585 2256
1585 2284
1585 2783
1586 1690
1586 1839
1587 1037
1589 224
1589 2541
1589 2593
1591 2205
1593 1473
1594 2016
1595 1097
1597 946
1597 2565
1598 1859
1598 1954
1598 2882
1599 2248
1601 671
1601 2028
1602 281
1602 1673
1604 289
1607 1878
1608 702
1609 1293
1609 2838
1610 1420
1611 2876
1613 2223
1614 883
1614 1453
1614 2318
1614 2393
1615 1107
1615 2111
1615 2728
1616 712
1616 2005
1617 1847
1618 64
1618 360
1618 918
1618 1206
1619 260
1619 437
1619 1801
1622 2705
1623 62
1623 1030
1623 2859
1625 1283
1625 1334
1626 1681
1627 937
1627 2509
1627 2736
1628 1133
1629 2151
1632 893
1632 2315
1633 620
1633 1239
1635 1998
1637 488
1637 1165
1637 1767
1638 1355
1639 2538
1640 634
1642 2229
1643 700
1644 815
1644 1431
1644 1766
1644 1867
1644 2088
1645 537
1646 1845
1647 2250
1648 2213
1649 618
1650 886
1650 1085
1651 2837
1652 86
1652 322
1652 975
1652 2997
1654 44
1654 2600
1655 1472
1656 1726
1657 576
1657 2520
1658 1249
1659 534
1659 2152
1661 2366
1664 2580
1665 2603
1666 2648
1667 529
1668 2252
1670 1499
1673 1009
1673 1738
1673 2726
1674 372
1675 1411
1675 1519
1676 1269
1678 398
1678 1607
1678 1746
1679 2701
1680 122
1680 2176
1682 108
1682 916
1682 963
1682 1644
1683 201
1683 808
1686 1473
1686 2948
1687 327
1687 1140
1688 568
1690 691
1690 2393
1692 1387
1692 1459
1692 1616
1692 2875
1694 2085
1695 870
1695 1686
1695 1904
1697 2341
1698 1607
1699 1972
1700 195
1700 2127
1702 217
1703 2760
1705 923
1706 1183
1709 1491
1711 2391
1711 2552
1711 2981
1712 1103
1714 1954
1715 2008
1717 1584
1717 2419
1718 958
1718 1075
1718 1699
1720 1909
1720 1969
1721 586
1721 1739
1724 466
1724 2095
1725 2842
1726 1407
1727 306
1727 1005
1727 1464
1728 1764
1729 977
1730 1209
1730 2035
1731 1581
1732 784
1733 524
1733 1557
1734 2085
1735 2843
1736 2676
1738 2039
1739 572
1739 725
1740 117
1741 2586
1742 1731
1742 2644
1744 2141
1745 190
1746 182
1746 1621
1746 1658
1747 471
1747 977
1747 2506
1748 1199
1749 1675
1749 2211
1750 2486
1751 61
1752 2825
1753 1852
1754 1405
1755 1342
1755 2769
1757 1689
1758 800
1758 1509
1761 366
1763 2300
1763 2545
1768 965
1768 1981
1769 1299
1772 1133
1773 2710
1774 1915
1775 2451
1775 2634
1775 2839
1776 309
1776 423
1776 2091
1777 579
1777 1041
1778 1197
1779 1701
1780 368
1780 408
1781 218
1781 2510
1782 2039
1783 1287
1785 2554
1787 647
1788 1682
1788 1991
1788 2455
1790 1656
1790 1863
1791 772
1792 424
1793 980
1793 2253
1794 843
1794 1971
1796 1824
1796 2263
1796 2404
1796 2622
1799 844
1801 689
1802 1086
1803 1375
1803 1506
1803 2734
1804 1060
1804 1129
1805 1718
1805 2562
1806 1823
1807 1126
1807 2963
1808 769
1808 1261
1808 1784
1810 509
1810 2002
1811 2530
1812 127
1812 1384
1812 1485
1813 1576
1813 2378
1815 1218
1815 2897
1816 693
1819 1085
1820 2631
1820 2859
1822 2247
1823 1939
1824 921
1825 1718
1827 1207
1828 627
1828 759
1828 1113
1829 2779
1830 1775
1830 1967
1831 693
1833 302
1833 2693
1834 594
1835 1447
1836 504
1836 1066
1836 2342
1836 2678
1837 2281
1838 2356
1840 2674
1841 216
1843 355
1845 660
1845 830
1845 1526
1846 1200
1849 744
1849 1007
1849 2349
1849 2835
1851 2060
1852 307
1853 2375
1855 2247
1855 2413
1857 233
1857 384
1857 2022
1860 249
1863 541
1864 334
1864 489
1864 1043
1864 1706
1865 1911
1866 388
1866 2138
1867 2706
1868 662
1868 1121
1869 1464
1872 11
1873 1358
1874 116
1874 243
1874 960
1874 1042
1874 1382
1875 396
1876 886
1876 1203
1876 1854
1877 1075
1877 1289
1878 246
1878 2343
1879 425
1879 537
1879 848
1882 348
1883 654
1885 1475
1885 2948
1885 2951
1886 1636
1886 2560
1887 1713
1890 698
1890 1559
1893 278
1894 1467
1895 897
1896 738
1898 223
1898 1089
1899 1180
1901 293
1901 415
1902 63
1902 1018
1902 1374
1904 195
1908 2832
1909 630
1909 1661
1909 2667
1912 185
1912 350
1912 2378
1914 647
1914 2727
1915 469
1915 2304
1915 2664
1918 1058
1918 2438
1921 164
1921 2751
1922 270
1923 2347
1925 186
1925 760
1925 1715
1926 580
1927 439
1927 557
1927 1180
1931 2195
1934 2760
1935 1322
1935 2030
1935 2626
1936 1708
1936 2582
1940 644
1941 787
1941 2868
1942 1367
1943 1738
1944 158
1944 756
1944 2522
1945 2715
1945 2925
1947 1569
1948 1309
1949 524
1950 2801
1951 1322
1952 596
1954 459
1955 2387
1957 2851
1960 1595
1961 766
1961 1347
1961 1936
1962 924
1962 2141
1963 115
1964 2172
1964 2333
1965 711
1966 39
1966 830
1967 301
1967 1984
1968 1686
1968 1700
1969 289
1973 1913
1974 899
1977 587
1977 1400
1977 1407
1977 1738
1978 1570
1978 1723
1980 167
1980 2110
1980 2747
1981 243
1981 2056
1981 2216
1982 1767
1982 2564
1983 215
1983 1299
1984 2253
1984 2364
1985 21
1985 1765
1986 1168
1986 1189
1986 2237
1987 599
1987 2905
1988 533
1988 871
1990 184
1991 76
1991 1353
1991 1515
1993 1540
1994 138
1994 536
1994 611
1994 820
1995 565
1995 706
1996 2491
1996 2938
1997 1425
1997 2606
1998 2600
1999 1019
1999 1539
1999 2293
2000 1854
2003 332
2003 2535
2003 2956
2004 1590
2004 2195
2005 2892
2006 560
2006 878
2007 1171
2007 1509
2007 2116
2008 2301
2009 369
2009 1093
2009 1299
2010 687
2010 1955
2011 2993
2012 2533
2013 2789
2014 2213
2016 2211
2016 2542
2017 1134
2017 1632
2018 2442
2018 3001
2019 73
2019 1810
2022 2386
2023 1210
2023 2845
2024 407
2024 513
2024 2314
2026 1025
2026 2316
2028 79
2028 714
2029 2963
2031 2139
2033 1735
2034 1882
2035 2171
2035 2177
2036 950
2036 1177
2037 1559
2038 208
2038 985
2038 990
2038 1438
2039 506
2039 738
2039 1223
2040 757
2041 2025
2042 1176
2042 1982
2042 2946
2044 1558
2044 2510
2045 1075
2045 2993
2047 387
2047 2420
2050 564
2050 2204
2052 2744
2053 100
2053 864
2053 1038
2055 2033
2057 1003
2057 1851
2060 2056
2062 527
2062 819
2063 442
2064 1509
2064 1892
2064 2063
2065 480
2065 1125
2065 1465
2065 1557
2066 902
2067 2714
2068 2937
2069 2206
2070 1672
2071 310
2072 757
2072 1021
2072 2113
2073 1992
2074 2172
2075 2708
2077 2591
2078 1210
2078 1746
2079 1871
2079 2790
2081 816
2081 2212
2081 2238
2082 270
2083 758
2083 1352
2084 310
2084 916
2084 1515
2085 1206
2085 2967
2086 2319
2087 1421
2087 2582
2088 713
2088 1489
2088 2060
2088 2483
2089 2671
2090 1590
2090 2617
2091 1934
2091 2809
2093 1442
2093 1791
2093 2097
2095 702
2095 1378
2097 2447
2098 1213
2098 2387
2098 2558
2098 2661
2100 1012
2101 2153
2103 1784
2103 2999
2105 1256
2105 1659
2108 2320
2109 604
2109 890
2110 381
2111 980
2112 1952
2114 1259
2115 2474
2115 2963
2116 405
2116 1603
2116 2562
2117 1657
2118 1823
2118 1948
2118 2144
2119 871
2119 2808
2120 1262
2121 2503
2122 193
2122 702
2123 1457
2123 2544
2124 2075
2124 2216
2125 653
2126 676
2126 1720
2127 1368
2127 2204
2131 807
2131 1285
2131 2258
2134 902
2136 1736
2137 1660
2138 202
2138 1526
2138 2550
2141 784
2141 1968
2142 2832
2143 338
2144 658
2144 999
2146 2399
2147 649
2148 1705
2150 2366
2151 218
2151 1719
2153 1846
2154 827
2154 2559
2155 1761
2156 1364
2157 180
2157 2887
2160 529
2160 2764
2161 1140
2161 2542
2163 1942
2164 1172
2165 1434
2165 2938
2166 2972
2167 2452
2168 78
2168 1121
2171 2216
2171 2572
2174 1749
2175 398
2176 716
2178 1434
2178 2395
2179 1766
2180 1401
2180 1469
2183 996
2183 1628
2183 2539
2184 15
2185 2496
2188 508
2188 2573
2190 307
2190 798
2191 1605
2191 2212
2191 2430
2192 580
2194 530
2194 1356
2194 2131
2195 1419
2195 1931
2196 2042
2197 988
2198 238
2198 1385
2200 91
2200 2770
2201 2503
2201 2635
2202 1038
2202 2578
2203 1358
2203 2281
2204 2485
2205 365
2205 2270
2206 148
2206 1530
2207 725
2208 215
2208 543
2210 1233
2210 1825
2210 2941
2211 863
2211 1034
2212 704
2213 1098
2213 1627
2215 454
2215 2684
2216 86
2217 1123
2217 1925
2219 520
2220 341
2221 229
2221 1215
2223 140
2224 2220
2224 2282
2225 1719
2225 2537
2229 751
2229 2293
2231 2465
2232 2907
2233 2181
2233 2346
2234 356
2234 967
2235 42
2235 62
2235 1260
2238 1923
2238 2840
2239 1371
2239 1451
2239 2592
2240 1680
2240 2909
2241 2556
2242 1534
2245 305
2245 2748
2246 1722
2248 320
2248 1698
2249 2867
2250 1833
2252 2908
2253 409
2255 199
2256 786
2256 879
2257 419
2257 1565
2258 1534
2258 1609
2259 531
2259 1620
2259 2897
2262 313
2263 275
2264 1097
2264 1706
2264 2819
2265 1164
2266 841
2266 2207
2266 2626
2267 1503
2268 2642
2269 53
2269 483
2269 2978
2270 1761
2271 513
2271 2827
2273 1626
2274 1095
2276 403
2276 866
2276 1045
2276 2807
2277 975
2277 2993
2278 7
2278 969
2278 1363
2279 1732
2281 672
2282 2523
2282 2559
2283 2466
2284 1755
2285 365
2285 2164
2286 259
2286 1001
2286 2661
2287 2999
2288 203
2288 2836
2289 2655
2290 1597
2290 1773
2290 2152
2290 2911
2291 738
2293 792
2294 1431
2294 1674
2295 1290
2297 2467
2299 2719
2300 1468
2300 1640
2300 2195
2302 6
2303 502
2304 110
2304 603
2305 180
2306 1804
2308 293
2308 1916
2310 175
2310 2134
2311 2351
2311 2749
2312 1311
2312 2319
2314 1263
2315 1951
2315 2108
2315 2787
2316 1583
2317 2725
2317 2808
2318 344
2321 325
2321 1570
2321 2815
2322 2678
2322 2916
2323 409
2323 638
2324 191
2324 2850
2325 1810
2325 2804
2326 1377
2326 2467
2327 96
2328 1453
2328 2799
2329 1339
2329 1538
2330 742
2334 430
2334 2794
2335 1257
2336 1279
2336 2463
2337 1465
2339 1043
2339 2984
2340 518
2340 975
2342 1228
2343 157
2343 990
2345 638
2346 2563
2347 2652
2349 378
2350 144
2350 2428
2351 666
2351 961
2351 1762
2351 2679
2352 1018
2352 1691
2352 1951
2354 893
2356 2030
2356 2339
2358 270
2361 1404
2362 1153
2363 1038
2363 1971
2365 2122
2366 2379
2368 1468
2368 1779
2369 2306
2370 1630
2371 2406
2371 2584
2373 2750
2374 2058
2374 2968
2375 365
2375 366
2375 807
2377 298
2379 2083
2380 235
2380 697
2380 2725
2381 2715
2381 2764
2382 1861
2383 819
2383 1955
2384 1163
2384 2106
2385 2947
2386 719
2387 85
2388 166
2388 1031
2388 2110
2389 525
2389 846
2390 2855
2391 1008
2391 2702
2392 1593
2392 2514
2393 2718
2393 2915
2394 1284
2395 239
2395 1426
2395 2379
2396 1205
2396 1552
2396 1566
2396 1729
2396 1957
2396 2448
2396 2991
2397 1076
2397 2278
2398 2772
2399 308
2399 2817
2400 2545
2401 694
2401 744
2403 132
2403 818
2405 61
2405 2900
2406 2501
2407 791
2407 1019
2407 2193
2407 2410
2409 1117
2409 1320
2409 2087
2409 2100
2410 1607
2410 1945
2410 2824
2411 1184
2411 2140
2412 1974
2413 2120
2415 1140
2417 564
2418 951
2418 1675
2419 702
2419 745
2422 2145
2423 1136
2424 2019
2424 2615
2424 2754
2424 2824
2426 28
2427 398
2427 1660
2428 1813
2429 1763
2429 2144
2429 2717
2430 2542
2430 2707
2431 1917
2432 144
2432 777
2432 2345
2432 2940
2433 965
2435 1065
2436 1334
2436 2548
2437 110
2438 162
2438 2258
2438 2837
2439 1165
2439 1194
2440 1197
2440 2240
2441 1402
2444 85
2445 1112
2445 1226
2445 1644
2445 1719
2445 2858
2445 2866
2447 2803
2448 85
2448 2748
2449 307
2449 630
2449 1935
2450 1206
2450 1637
2451 898
2452 2074
2453 268
2454 1184
2456 1798
2457 1275
2458 23
2458 2480
2459 371
2459 859
2460 741
2461 56
2462 1904
2463 500
2463 1559
2464 2566
2465 2799
2467 2197
2468 1455
2469 660
2470 2409
2470 2600
2471 2559
2472 2011
2473 1790
2473 2111
2474 1427
2476 281
2477 14
2477 1290
2478 499
2478 2837
2479 185
2480 495
2483 638
2483 1910
2483 2149
2484 1020
2485 1421
2489 2090
2490 2684
2491 397
2491 2415
2494 1379
2495 582
2495 677
2496 1353
2497 963
2497 2873
2498 2204
2499 1198
2500 2050
2500 2146
2501 558
2502 2691
2503 222
2504 900
2505 1918
2509 2511
2509 2795
2509 2848
2510 2322
2511 2823
2512 172
2514 2975
2515 398
2515 1220
2516 1379
2516 2863
2517 1660
2519 2103
2519 2429
2520 411
2520 966
2522 1049
2522 2792
2523 1845
2524 177
2526 356
2526 931
2528 2557
2530 737
2532 900
2532 2111
2534 2010
2537 1168
2537 2857
2538 407
2538 2272
2539 316
2540 1581
2542 2943
2543 698
2543 1140
2544 1201
2544 2615
2546 739
2546 1617
2548 1338
2550 1601
2551 77
2551 555
2555 1388
2556 1215
2557 1456
2557 1864
2558 1115
2558 1229
2558 1469
2559 1818
2563 663
2564 1183
2564 1621
2564 2998
2565 50
2567 369
2567 2004
2567 2223
2567 2442
2568 42
2568 2483
2571 2074
2573 1199
2573 1934
2574 611
2574 984
2574 2110
2577 967
2577 1045
2577 1462
2578 654
2581 1149
2581 2048
2583 521
2583 2907
2584 1863
2584 2810
2585 2906
2586 836
2586 2096
2586 2899
2587 726
2587 1424
2587 2164
2587 2344
2588 947
2588 1992
2588 2672
2590 1253
2590 1887
2591 1658
2591 2136
2594 2343
2594 2859
2596 527
2597 2117
2597 2172
2599 532
2602 1905
2603 2071
2603 2424
2606 1743
2606 1885
2607 729
2608 2400
2608 2484
2608 2660
2610 1565
2611 145
2612 974
2612 1164
2613 360
2615 2907
2617 451
2618 617
2619 426
2620 322
2620 953
2620 1958
2621 1233
2621 2485
2622 963
2622 2614
2623 2047
2623 2709
2624 1896
2625 1437
2625 2235
2626 1021
2628 939
2628 2294
2628 2695
2630 642
2631 2167
2631 2293
2631 2664
2633 921
2633 1268
2633 2485
2634 234
2634 1086
2634 2331
2635 2147
2635 2806
2635 2874
2636 2957
2637 1207
2637 1763
2638 2807
2641 964
2643 1313
2644 1578
2645 179
2647 2898
2649 285
2649 1160
2650 316
2651 2601
2652 370
2652 2365
2654 198
2655 1312
2656 701
2659 2219
2661 116
2661 714
2662 114
2662 1827
2663 416
2664 100
2665 2523
2665 2582
2666 745
2666 2680
2667 2607
2670 1320
2670 1350
2670 2965
2671 1260
2671 2563
2672 2989
2673 852
2673 1273
2674 1128
2674 2992
2676 2137
2677 2305
2678 2760
2679 642
2680 13
2680 65
2681 790
2684 1
2685 2762
2686 431
2686 593
2686 2742
2687 1685
2688 8
2688 1231
2689 1844
2690 2497
2691 1586
2692 1995
2693 1219
2693 2584
2695 527
2696 30
2696 1544
2696 1918
2698 846
2699 933
2699 2892
2700 194
2700 1165
2701 332
2702 1581
2702 1834
2703 1847
2703 1871
2704 545
2704 2067
2705 663
2705 1108
2705 1252
2706 476
2706 2709
2707 2800
2708 2409
2708 2811
2708 2834
2708 2891
2709 2259
2711 2268
2711 2371
2711 2992
2712 1127
2712 1369
2712 2422
2713 2157
2713 2717
2714 219
2715 1617
2715 2855
2716 1139
2717 2170
2718 890
2718 1179
2718 2290
2720 17
2720 264
2723 317
2724 2276
2729 1704
2730 288
2730 2102
2730 2357
2730 2498
2732 1044
2732 2661
2733 687
2733 2174
2738 2645
2738 2921
2739 956
2739 1657
2739 1845
2740 1484
2740 1897
2741 364
2741 909
2741 2222
2741 2738
2742 1357
2745 2206
2746 111
2747 2868
2748 1919
2748 2686
2749 1988
2749 2323
2750 2916
2751 859
2752 338
2752 2355
2756 2791
2757 2030
2758 1954
2758 2758
2759 254
2759 2772
2760 387
2760 844
2760 1352
2760 2654
2761 594
2761 1646
2762 2695
2763 2106
2763 2205
2764 830
2764 972
2764 2139
2764 2389
2765 1336
2765 1409
2766 176
2766 2641
2767 1466
2767 2731
2768 56
2768 672
2769 1474
2770 1981
2770 2766
2771 887
2772 1654
2773 550
2773 2059
2775 280
2776 1165
2776 1840
2776 1981
2777 1550
2777 1651
2777 1774
2779 496
2780 1666
2782 986
2783 509
2784 815
2784 2719
2785 2512
2786 1779
2787 603
2787 1557
2790 307
2791 2317
2793 1954
2793 2821
2793 2940
2794 2198
2794 2742
2797 2194
2797 2716
2799 1146
2799 1213
2799 1571
2801 385
2802 1276
2803 1323
2805 2289
2805 2896
2806 115
2807 1274
2807 2593
2808 341
2808 1674
2809 24
2809 1013
2809 2629
2810 2054
2811 758
2811 972
2812 2323
2816 1556
2817 157
2817 929
2818 304
2818 526
2819 694
2820 164
2821 114
2821 2570
2823 1221
2823 2225
2824 1518
2826 546
2826 783
2827 2157
2828 1392
2828 2372
2829 277
2829 965
2829 1700
2830 1049
2830 2893
2832 1544
2834 8
2835 2132
2836 1720
2836 2779
2837 2843
2838 2363
2839 143
2839 561
2839 1255
2839 1447
2840 831
2842 1871
2844 2589
2848 657
2849 2982
2850 2781
2851 1330
2852 573
2853 269
2854 2807
2856 1571
2856 1876
2858 824
2858 894
2858 1849
2858 2170
2858 2230
2859 724
2861 1421
2861 2545
2863 1676
2865 522
2865 1936
2865 2268
2866 2629
2868 107
2868 1076
2870 588
2870 758
2874 844
2875 242
2875 571
2875 589
2876 882
2877 2089
2879 1483
2880 264
2881 165
2882 1290
2883 2083
2886 861
2886 1111
2887 279
2887 2917
2888 1708
2890 1594
2892 2082
2894 25
2894 549
2894 1891
2894 2176
2895 401
2897 150
2897 369
2897 1491
2898 457
2899 1049
2899 1274
2901 509
2901 1137
2903 417
2903 981
2903 1755
2904 1216
2906 1659
2907 2196
2908 1466
2908 1906
2913 2307
2913 2851
2917 2907
2918 606
2920 544
2921 1629
2922 2692
2923 1434
2924 2956
2927 2952
2929 109
2929 2324
2930 1409
2931 1458
2932 386
2932 1731
2934 1437
2934 2655
2934 2739
2935 2938
2936 2370
2936 2873
2937 665
2937 1977
2937 2219
2938 83
2939 84
2940 349
2940 749
2940 1373
2940 1501
2941 947
2941 1846
2941 1850
2942 861
2942 928
2944 2775
2945 143
2946 2100
2947 1502
2947 2296
2947 2330
2948 580
2950 1750
2951 1598
2951 2304
2952 63
2952 708
2952 2372
2952 2586
2956 358
2956 443
2956 719
2958 1990
2959 53
2959 1816
2960 1275
2960 1301
2961 800
2961 1181
2962 1483
2962 2310
2963 2283
2964 2401
2965 1153
2966 261
2966 265
2966 406
2966 595
2966 1594
2966 2171
2968 859
2970 1992
2972 320
2973 2497
2973 2812
2974 644
2974 1737
2975 142
2976 1699
2977 12
2977 2626
2981 375
2981 900
2981 1430
2982 295
2982 1733
2982 2852
2982 2979
2984 462
2985 2490
2986 1181
2989 1102
2989 2423
2993 133
2993 2153
2993 2511
2994 1989
2995 206
2995 953
2995 1035
2997 1259
2999 714
2999 1811
3001 260
