2001
1601
1 6
1 1944
2 1055
5 730
6 737
6 1349
7 344
10 200
10 1939
11 1202
11 1459
12 798
15 1346
18 926
19 663
19 732
19 1610
22 671
22 1020
22 1684
26 160
26 1367
27 596
28 1012
28 1163
29 1655
30 1217
31 162
33 346
33 350
33 847
33 952
34 54
37 1415
37 1877
39 662
40 13
43 64
43 1132
45 362
45 1273
45 1605
47 996
47 1595
48 1041
51 104
52 12
53 607
53 1020
54 1372
54 1654
55 1927
56 1813
60 1248
61 1099
61 1614
62 778
62 829
63 895
64 447
65 491
65 1169
65 1526
66 312
66 1473
70 212
70 446
70 1006
70 1766
75 668
75 1136
76 224
77 279
78 1948
80 1711
81 1099
82 1093
82 1601
84 58
85 425
86 1018
88 1010
88 1890
90 1380
92 518
92 1313
92 1525
94 304
96 83
98 996
98 1597
99 487
100 24
101 1414
105 1526
106 784
107 1117
107 1617
107 1643
111 159
111 210
112 722
113 58
113 1217
117 148
119 1987
121 891
123 1953
124 1495
126 1288
126 1485
128 502
129 710
130 1422
131 391
132 1326
133 1695
134 1999
135 734
135 1359
137 1271
139 291
145 959
146 1981
147 927
147 1020
148 1735
149 739
149 1141
152 604
156 1772
157 372
158 1464
161 908
162 1826
163 1379
163 1848
164 1839
171 980
172 511
174 1255
177 46
177 1479
180 355
180 932
181 1201
181 1634
182 519
183 1798
187 1460
189 1874
190 483
190 1033
191 861
193 172
194 300
194 1688
196 2000
198 932
200 1274
201 79
202 381
202 1311
203 564
203 1389
204 718
204 1626
205 320
206 1309
208 1824
209 1210
209 1620
209 1628
211 639
211 1636
213 266
213 1901
213 1928
214 918
216 1823
219 1380
219 1644
220 1461
222 191
222 1545
223 1214
225 625
227 579
230 1129
232 665
234 144
234 1420
235 25
236 1864
237 763
237 1547
238 1840
239 1460
241 1195
242 1769
244 91
244 1116
246 1657
248 420
249 1067
250 1795
251 1150
252 382
252 1391
252 1550
253 1453
253 1690
255 729
257 400
260 654
261 1117
262 1426
266 1112
269 194
269 1198
269 1611
270 305
272 1118
273 1707
275 1233
275 1885
277 1600
277 1808
278 94
278 1762
279 1181
281 764
282 302
283 1034
283 1152
284 766
285 1769
285 1930
289 1865
290 444
292 529
292 1363
292 1880
300 151
301 1428
303 148
305 1631
306 909
307 418
307 1290
309 694
309 1789
310 1552
312 1212
315 1008
318 429
318 785
326 428
327 528
328 134
331 223
333 714
334 858
334 1149
336 1871
338 360
338 1285
339 1015
339 1516
339 1801
341 186
347 881
347 1758
349 1954
352 43
353 689
353 1023
353 1380
354 525
354 905
356 1126
358 328
359 1089
359 1951
360 115
360 457
363 852
364 584
365 1479
366 356
366 1523
368 959
369 1575
372 1014
373 5
374 230
374 601
374 1349
375 396
375 637
376 330
376 951
377 1257
378 1227
380 1211
380 1214
382 1994
384 611
385 1470
386 815
387 1135
388 1586
390 1715
390 1936
392 1133
392 1561
394 692
394 1117
394 1586
395 328
395 1528
397 1175
397 1204
402 1946
403 1357
408 623
411 1066
411 1934
412 520
412 1291
415 317
415 1326
415 1527
420 1113
422 347
425 114
427 1433
428 195
428 1315
429 18
430 653
430 1819
431 1874
435 251
435 731
435 851
438 544
438 1191
439 621
439 780
439 1755
443 615
444 1216
447 1018
450 445
450 1194
451 1351
453 678
453 905
454 1434
457 528
458 903
458 1671
459 1464
461 1718
466 933
471 546
473 862
480 498
480 996
481 398
482 754
485 1095
486 614
487 1395
488 1033
488 1151
490 454
490 1732
493 329
493 1741
496 67
496 223
496 760
496 1121
497 1084
497 1447
499 1721
500 149
500 1027
500 1121
503 1425
504 1025
506 634
506 1330
508 730
508 1656
510 257
510 1564
511 768
512 174
512 1541
514 232
514 606
514 1757
514 1885
515 519
516 1125
517 1372
521 741
521 1411
522 1998
524 1690
528 1711
530 932
531 1000
532 105
535 721
536 1209
537 40
537 388
537 919
537 1323
538 42
540 404
540 595
540 1023
540 1487
541 209
542 1690
542 1938
544 1031
545 474
548 1852
549 1411
552 352
552 989
556 1524
558 1595
558 1604
562 914
564 917
565 1750
566 1089
566 1833
568 74
572 495
573 269
574 1728
575 1244
579 1128
579 1199
581 1060
583 135
583 1468
583 1845
584 126
585 844
586 667
586 706
586 1749
587 900
588 321
588 413
589 660
591 1749
592 1694
593 68
593 936
593 1461
593 1598
593 1608
594 541
595 103
595 740
596 1334
597 989
600 1899
608 323
608 1390
608 1590
609 476
610 276
610 1942
613 1306
614 518
615 1863
617 1719
618 389
619 71
621 784
623 24
625 221
625 670
627 781
628 440
629 1096
630 32
631 1684
632 619
632 1925
633 1814
634 1990
635 450
639 80
642 976
643 532
643 946
643 1115
646 643
648 1145
650 735
651 1927
652 333
652 1430
655 259
657 1875
659 458
661 1766
662 683
666 1498
667 996
669 1929
670 227
671 655
673 91
673 624
674 1071
674 1524
675 1640
676 435
676 622
678 526
678 1682
680 352
680 1677
681 1230
681 1551
682 1953
684 1563
689 506
690 580
690 1074
690 1788
691 422
694 188
695 863
695 976
696 626
698 1858
700 1349
702 116
702 1390
703 128
704 741
707 432
708 1230
708 1366
709 259
713 1286
714 1267
715 401
716 1556
721 1189
723 1074
724 107
724 336
724 1754
725 987
727 1714
728 1752
729 309
729 922
729 971
729 1477
730 333
731 417
732 1184
733 1761
733 1990
735 216
735 808
736 1665
737 1549
738 1989
743 1811
746 561
747 242
747 1601
748 974
751 578
751 1297
751 1877
756 1068
756 1225
758 1738
759 1045
760 1594
762 833
762 1767
763 1869
764 813
765 1904
766 405
766 1658
768 1044
768 1313
770 1167
771 406
771 870
771 1894
772 529
772 1766
775 755
775 1708
776 549
777 568
777 1615
779 221
780 964
780 1115
781 119
782 359
784 614
784 1575
789 288
789 502
790 1628
791 1026
792 340
793 1239
794 1391
796 1612
797 1324
798 309
798 1928
799 458
801 188
805 1777
808 9
808 1956
810 103
810 1507
810 1959
811 930
811 1578
811 1887
812 680
813 1232
814 485
815 848
816 14
817 1005
817 1206
821 1077
822 613
823 703
824 912
825 1817
826 1132
827 1200
828 1433
833 192
833 1184
835 176
836 837
838 988
840 1358
842 1474
844 20
844 42
844 1031
844 1743
847 245
847 1451
848 1827
849 1053
850 216
850 1314
851 273
851 559
852 665
855 231
855 1959
857 1855
861 1480
863 1121
868 1126
869 1333
869 1581
870 752
872 307
873 102
873 516
873 1842
875 150
876 701
877 290
879 688
880 1742
883 1053
884 1793
884 1866
885 1921
886 1198
888 249
888 1761
888 1956
889 1042
889 1804
890 1393
891 1918
896 1039
898 992
899 1847
899 1872
900 595
901 101
904 694
905 105
906 429
907 1547
909 592
911 1594
911 1961
914 418
914 1428
914 1470
915 1439
916 1821
920 286
920 765
921 867
923 1541
924 443
924 1023
927 1146
928 136
932 1212
934 708
935 1455
937 532
937 1368
939 452
940 752
940 1267
940 1851
941 1712
944 1023
944 1272
947 322
947 1167
947 1430
948 167
948 1339
951 418
953 1246
956 1701
958 918
959 919
960 420
960 1759
962 932
962 1738
966 470
966 754
968 1129
970 792
971 562
974 1591
975 1294
980 980
982 935
985 132
986 1465
987 872
987 1412
988 129
988 1271
989 1763
990 221
991 1219
991 1569
992 334
992 1778
993 231
994 1485
994 1820
995 203
996 271
997 517
997 523
997 1467
998 720
998 1963
999 1250
1000 296
1000 489
1001 755
1002 651
1002 898
1004 1427
1005 1242
1009 682
1009 1729
1010 1747
1011 406
1011 500
1011 1147
1013 1398
1014 1215
1014 1766
1015 532
1015 1370
1017 1082
1017 1698
1018 364
1021 343
1021 943
1021 1817
1022 1627
1022 1987
1023 1615
1024 1501
1024 1972
1026 834
1026 1538
1026 1555
1027 463
1029 1378
1030 18
1030 345
1031 1277
1035 1432
1037 1756
1041 1493
1041 1567
1042 190
1045 596
1045 1234
1046 1365
1047 586
1048 981
1052 1132
1052 1166
1054 1617
1055 1934
1056 1237
1058 1146
1061 1673
1063 1304
1064 802
1064 928
1064 1037
1065 815
1071 683
1073 764
1074 97
1075 881
1081 385
1084 1754
1085 345
1085 702
1086 741
1091 72
1091 1758
1094 1203
1094 1545
1096 1178
1096 1558
1097 195
1097 1279
1099 1930
1100 1805
1101 535
1103 1716
1105 1363
1106 1576
1107 216
1107 1468
1108 637
1110 973
1111 1213
1114 1522
1117 738
1117 1214
1118 162
1118 229
1118 281
1119 917
1121 1482
1122 478
1122 1027
1124 1656
1129 3
1130 660
1131 1365
1137 1620
1139 28
1139 1494
1140 774
1140 1349
1141 398
1142 602
1142 839
1145 1046
1147 11
1148 542
1149 1328
1149 1673
1149 1829
1151 1092
1152 630
1157 500
1158 681
1158 1949
1159 297
1159 1263
1164 1909
1165 1191
1167 2
1167 1302
1167 1591
1167 1690
1168 527
1168 1214
1170 827
1174 1140
1175 222
1175 1919
1178 1399
1180 1431
1181 1133
1182 1937
1184 123
1184 306
1185 558
1185 1251
1186 1107
1188 58
1188 975
1189 396
1189 1613
1191 837
1192 955
1194 281
1197 1218
1199 826
1200 834
1200 1203
1202 438
1204 233
1204 1130
1208 387
1210 812
1211 284
1211 669
1211 1009
1212 1787
1216 1420
1218 1500
1219 1216
1221 143
1221 222
1225 26
1227 572
1229 10
1230 863
1230 1059
1231 1559
1232 673
1233 609
1235 1233
1237 625
1242 1648
1244 1035
1245 897
1246 684
1247 551
1247 1851
1248 1134
1249 650
1250 330
1250 1302
1250 1445
1256 442
1256 741
1257 386
1258 662
1260 760
1261 69
1262 1689
1264 237
1266 1134
1268 1819
1271 1577
1273 264
1274 984
1275 1075
1276 1096
1277 834
1281 1239
1282 1270
1283 528
1283 1347
1285 1818
1286 1359
1287 1713
1288 1654
1291 1832
1293 662
1293 1189
1293 1390
1294 931
1294 1088
1296 326
1296 1464
1297 1091
1297 1497
1302 1828
1303 598
1303 1990
1303 1996
1306 1059
1306 1572
1308 391
1308 1544
1309 1579
1310 375
1311 1802
1312 549
1312 1616
1313 419
1321 182
1323 886
1323 1051
1324 939
1326 375
1326 922
1326 1101
1329 840
1329 903
1330 870
1331 1927
1333 33
1333 733
1333 929
1333 1034
1333 1738
1333 1752
1334 447
1336 1004
1336 1900
1337 174
1337 1803
1338 1869
1341 1985
1342 365
1344 1135
1344 1197
1346 1648
1347 15
1349 910
1349 1234
1352 1123
1352 1388
1354 656
1354 1350
1355 1214
1356 1750
1358 102
1358 678
1358 1977
1360 688
1360 1221
1361 525
1361 540
1361 1191
1361 1374
1362 1907
1363 1154
1364 1313
1364 1823
1367 18
1368 384
1368 1843
1369 1008
1369 1232
1372 685
1373 221
1373 700
1373 994
1373 1524
1375 1336
1376 1599
1376 1709
1376 1929
1377 842
1377 919
1378 1836
1379 811
1380 937
1381 1030
1382 432
1383 1549
1384 373
1385 951
1387 1157
1388 1724
1388 1860
1389 1690
1391 567
1391 1622
1392 1424
1393 1789
1396 820
1396 1252
1400 719
1400 830
1405 1737
1407 1708
1408 1331
1409 1956
1413 149
1413 1248
1414 173
1414 327
1414 1107
1415 49
1415 1000
1415 1593
1415 1828
1417 1794
1417 1922
1420 422
1420 1008
1421 417
1422 173
1429 692
1429 1682
1430 1888
1432 149
1433 1487
1434 323
1435 118
1445 847
1445 1056
1445 1604
1446 1005
1447 1706
1448 1234
1451 1353
1455 546
1455 814
1457 1598
1457 1941
1459 471
1459 635
1463 1009
1463 1325
1464 844
1464 1769
1466 296
1467 809
1468 143
1468 1857
1469 1615
1470 1666
1472 774
1473 1939
1474 1710
1474 1824
1476 1261
1476 1348
1477 975
1477 1735
1478 1129
1482 699
1482 718
1482 1526
1482 1883
1484 1489
1492 505
1496 1991
1497 838
1497 919
1498 1881
1499 920
1500 1113
1501 1763
1502 193
1502 1388
1502 1786
1504 448
1504 797
1510 260
1510 924
1510 1235
1511 558
1512 799
1512 999
1514 1215
1514 1943
1517 577
1517 1723
1518 1412
1519 1278
1521 1204
1527 342
1527 1120
1530 433
1530 494
1534 618
1538 1487
1539 138
1540 1341
1540 1675
1541 1736
1542 443
1542 964
1542 1445
1542 1811
1543 229
1543 1159
1544 1365
1547 755
1548 727
1548 907
1548 1614
1548 1639
1549 345
1549 1123
1550 440
1551 925
1552 68
1552 1014
1555 22
1555 254
1557 137
1557 1003
1559 1395
1560 1023
1560 1071
1561 1330
1562 1781
1566 48
1566 488
1568 878
1568 1546
1571 1127
1571 1623
1572 446
1574 1839
1575 451
1577 474
1577 1178
1577 1387
1577 1650
1581 634
1584 1896
1585 842
1586 1506
1587 768
1589 1484
1591 11
1591 736
1591 1226
1593 72
1593 970
1593 987
1595 576
1597 1032
1598 815
1598 1552
1599 510
1599 964
1599 1841
1600 620
1601 196
1601 901
1601 1181
1602 1919
1604 271
1605 1573
1606 1653
1607 1117
1609 536
1609 1239
1610 262
1612 295
1613 261
1613 1559
1616 1045
1621 619
1623 148
1623 963
1625 246
1626 1853
1627 420
1627 1183
1630 69
1631 1776
1635 663
1635 1824
1638 49
1640 1468
1641 171
1641 1287
1642 1946
1643 1301
1645 398
1646 1722
1647 28
1648 902
1650 176
1651 672
1652 1497
1653 1778
1654 1981
1655 810
1655 1899
1657 1410
1658 1384
1659 97
1659 1476
1662 92
1663 379
1664 862
1665 440
1666 348
1666 682
1668 650
1669 1322
1670 21
1671 1733
1672 1532
1673 1774
1675 206
1679 89
1679 1215
1684 1272
1685 1205
1686 1000
1688 698
1691 95
1692 172
1693 1307
1694 258
1694 806
1694 912
1694 979
1696 1469
1701 990
1701 1620
1703 1444
1704 94
1704 424
1704 590
1704 674
1704 983
1704 1891
1707 814
1709 1707
1710 877
1711 1098
1711 1524
1711 1558
1712 836
1715 914
1716 1831
1717 139
1717 1937
1718 66
1719 809
1720 1430
1722 380
1723 477
1723 1333
1724 1201
1724 1985
1726 290
1727 545
1727 1526
1728 1373
1729 1364
1734 1389
1735 1677
1736 42
1736 61
1739 838
1739 1465
1740 824
1741 193
1743 578
1743 1563
1743 1828
1744 1757
1745 799
1747 198
1748 1819
1749 627
1749 1382
1750 984
1752 93
1752 562
1754 88
1755 1672
1757 1509
1758 1494
1759 679
1759 941
1760 379
1760 738
1761 1835
1765 667
1765 868
1765 1570
1767 1126
1768 1018
1770 1222
1771 174
1774 385
1775 718
1778 788
1779 688
1779 843
1781 798
1782 1095
1783 8
1785 1292
1785 1639
1788 288
1788 352
1788 1645
1791 1786
1792 263
1792 1125
1792 1141
1792 1910
1795 1031
1796 1963
1797 792
1797 914
1798 855
1799 1349
1801 657
1801 1831
1809 1572
1810 97
1811 779
1812 1456
1814 1463
1814 1621
1816 30
1816 1196
1817 79
1817 1647
1821 252
1821 1560
1821 1996
1822 1781
1823 133
1824 673
1824 1751
1827 1371
1829 1531
1829 1587
1830 223
1830 534
1831 1263
1832 170
1834 1396
1835 636
1840 844
1841 1585
1842 587
1842 683
1842 691
1843 1267
1846 904
1846 1929
1848 717
1848 1404
1848 1596
1849 851
1850 1334
1852 1852
1853 366
1853 843
1854 1048
1860 301
1860 856
1861 197
1861 335
1861 742
1865 1649
1866 1591
1868 24
1869 606
1871 229
1874 393
1875 307
1875 1184
1876 1828
1880 1179
1881 234
1881 400
1882 162
1882 941
1887 289
1887 1634
1888 339
1888 1570
1889 800
1890 538
1890 1053
1892 505
1893 1789
1894 1365
1894 1825
1896 1944
1897 1410
1898 1952
1899 1162
1901 1362
1901 1711
1902 387
1903 342
1915 9
1915 888
1916 471
1917 1079
1917 1161
1917 1468
1919 342
1919 761
1919 793
1919 864
1920 1325
1921 63
1921 416
1922 996
1922 1475
1924 262
1927 13
1927 701
1927 1849
1928 230
1928 651
1929 570
1930 931
1931 739
1932 239
1933 1521
1935 568
1936 149
1938 1732
1939 1544
1945 749
1945 987
1945 1667
1947 633
1949 461
1949 1926
1949 1930
1952 1248
1955 1237
1956 1449
1958 1920
1959 528
1959 561
1960 1667
1962 1970
1964 1236
1965 552
1965 1019
1965 1293
1965 1887
1967 1083
1968 71
1968 1168
1968 1340
1968 1809
1969 288
1970 544
1970 1883
1976 239
1985 74
1985 1647
1988 1501
1989 688
1989 1447
1990 491
1991 91
1992 1336
1993 1428
1993 1466
1994 805
1994 1052
1996 196
1996 1985
